Date,Close/Last,Volume,Open,High,Low
09/06/2024,$431.50,732493,$436.47,$439.0665,$430.45
09/05/2024,$437.31,568147,$436.79,$437.35,$431.555
09/04/2024,$437.45,1004484,$440.37,$440.44,$435.03
09/03/2024,$440.37,924327,$446.51,$448.98,$437.22
08/30/2024,$442.04,940972,$438.61,$443.88,$437.15
08/29/2024,$437.15,393173,$435.00,$439.14,$435.00
08/28/2024,$435.21,418696,$433.96,$436.45,$433.0474
08/27/2024,$432.36,626008,$430.83,$433.51,$430.535
08/26/2024,$430.23,475165,$431.29,$433.28,$428.28
08/23/2024,$430.40,680885,$426.54,$430.76,$425.56
08/22/2024,$424.46,660506,$426.78,$427.4203,$423.05
08/21/2024,$425.72,708459,$425.84,$429.32,$424.09
08/20/2024,$426.38,425909,$424.41,$426.87,$423.61
08/19/2024,$422.44,411952,$422.01,$423.26,$420.38
08/16/2024,$421.37,438176,$422.55,$423.47,$418.98
08/15/2024,$421.94,630821,$420.38,$424.55,$418.38
08/14/2024,$418.59,1022827,$411.20,$419.57,$411.20
08/13/2024,$412.00,782880,$413.55,$417.43,$411.84
08/12/2024,$412.76,486311,$410.76,$414.03,$408.92
08/09/2024,$410.76,340434,$411.50,$413.28,$406.59
08/08/2024,$412.18,484183,$405.85,$412.88,$403.20
08/07/2024,$404.34,950328,$407.69,$412.64,$404.07
08/06/2024,$402.85,1562170,$401.36,$411.90,$401.36
08/05/2024,$399.64,1407944,$400.01,$410.7675,$396.70
08/02/2024,$410.30,1293684,$399.52,$410.67,$396.11
08/01/2024,$398.58,857177,$399.86,$403.53,$394.23
07/31/2024,$398.92,678373,$398.24,$400.90,$395.88
07/30/2024,$395.33,544222,$397.63,$402.56,$393.97
07/29/2024,$395.42,351179,$394.11,$397.75,$393.92
07/26/2024,$393.71,408125,$385.60,$395.85,$385.60
07/25/2024,$385.65,827626,$393.15,$395.0448,$385.17
07/24/2024,$390.60,541739,$395.05,$395.355,$389.51
07/23/2024,$396.55,444689,$396.32,$399.6196,$395.805
07/22/2024,$396.15,596488,$392.27,$396.28,$390.77
07/19/2024,$390.19,809346,$396.85,$396.85,$388.77
07/18/2024,$394.46,397266,$393.99,$395.72,$392.39
07/17/2024,$393.71,523795,$395.06,$396.035,$391.10
07/16/2024,$396.07,514368,$395.56,$398.88,$394.74
07/15/2024,$394.39,535002,$390.34,$394.60,$390.06
07/12/2024,$390.16,482627,$389.30,$394.50,$388.84
07/11/2024,$388.69,604886,$390.36,$392.8002,$386.53
07/10/2024,$391.05,636579,$392.52,$392.52,$387.98
07/09/2024,$390.72,627079,$391.22,$392.34,$389.64
07/08/2024,$390.57,696525,$388.31,$391.495,$388.00
07/05/2024,$386.87,859650,$387.17,$387.18,$384.51
07/03/2024,$385.80,277114,$386.32,$388.33,$385.06
07/02/2024,$386.76,368083,$387.07,$388.17,$384.99
07/01/2024,$386.37,427801,$389.08,$389.08,$384.66
06/28/2024,$386.05,1737726,$386.75,$389.87,$385.31
06/27/2024,$386.40,611908,$385.88,$387.97,$384.15
06/26/2024,$384.23,658841,$387.37,$387.37,$380.72
06/25/2024,$390.36,857255,$388.69,$391.65,$387.41
06/24/2024,$388.16,702444,$386.17,$390.90,$385.53
06/21/2024,$386.04,1043888,$385.90,$386.34,$382.85
06/20/2024,$384.60,879173,$383.43,$385.67,$382.59
06/18/2024,$383.60,598195,$383.47,$384.63,$379.755
06/17/2024,$382.82,538236,$376.00,$382.915,$375.815
06/14/2024,$375.41,593721,$370.76,$376.055,$370.00
06/13/2024,$376.71,573637,$378.81,$381.60,$373.225
06/12/2024,$379.35,679792,$379.99,$380.79,$377.30
06/11/2024,$376.90,668186,$373.57,$377.04,$371.61
06/10/2024,$373.80,582748,$370.69,$373.97,$370.00
06/07/2024,$371.06,400032,$370.72,$373.75,$369.91
06/06/2024,$370.47,395703,$370.80,$370.80,$367.18
06/05/2024,$370.65,639975,$371.00,$372.01,$365.27
06/04/2024,$369.22,701561,$366.19,$369.49,$365.235
06/03/2024,$366.40,585658,$363.51,$366.495,$360.79
05/31/2024,$364.91,1174965,$360.27,$365.16,$356.77
05/30/2024,$359.69,697630,$357.03,$361.09,$356.895
05/29/2024,$357.11,584829,$358.44,$360.3599,$357.05
05/28/2024,$359.89,602876,$363.58,$364.69,$358.5087
05/24/2024,$364.60,518466,$364.26,$365.82,$363.4101
05/23/2024,$363.35,584414,$369.84,$369.84,$362.55
05/22/2024,$371.07,410264,$370.00,$372.01,$369.205
05/21/2024,$369.74,607209,$368.74,$370.62,$367.89
05/20/2024,$368.43,290998,$366.93,$368.46,$366.69
05/17/2024,$367.80,423929,$369.59,$369.59,$366.21
05/16/2024,$366.41,453331,$366.07,$367.81,$365.07
05/15/2024,$365.03,543887,$360.96,$366.84,$360.96
05/14/2024,$361.05,975433,$359.66,$362.99,$358.84
05/13/2024,$358.00,1064482,$363.21,$364.47,$356.30
05/10/2024,$362.85,611221,$361.17,$364.0629,$360.45
05/09/2024,$360.11,526156,$358.47,$360.58,$358.08
05/08/2024,$359.02,765043,$359.81,$361.68,$358.24
05/07/2024,$358.17,801088,$353.67,$358.20,$351.35
05/06/2024,$349.64,1129343,$355.26,$355.26,$345.2701
05/03/2024,$353.70,1151473,$352.13,$356.17,$347.395
05/02/2024,$336.24,1377498,$336.81,$337.01,$332.98
05/01/2024,$336.00,1099634,$338.04,$340.0749,$335.67
04/30/2024,$339.15,1220823,$346.70,$347.07,$338.535
04/29/2024,$347.69,563820,$347.01,$349.08,$345.74
04/26/2024,$346.48,595466,$348.52,$349.28,$346.23
04/25/2024,$349.02,926159,$345.20,$349.68,$343.01
04/24/2024,$345.11,616829,$344.52,$346.8999,$343.86
04/23/2024,$345.55,721323,$345.97,$350.09,$344.92
04/22/2024,$345.23,1026875,$341.42,$347.86,$339.76
04/19/2024,$339.65,1392951,$341.07,$341.07,$337.1589
04/18/2024,$339.46,493683,$341.78,$342.59,$337.32
04/17/2024,$340.51,540359,$342.20,$343.17,$339.21
04/16/2024,$340.11,530262,$339.94,$341.585,$338.22
04/15/2024,$338.58,777984,$347.63,$347.63,$338.38
04/12/2024,$343.81,413844,$345.77,$347.55,$343.455
04/11/2024,$348.74,411349,$348.75,$351.62,$348.62
04/10/2024,$347.45,569974,$350.09,$350.09,$346.03
04/09/2024,$352.96,404286,$352.46,$353.155,$348.0793
04/08/2024,$352.03,393713,$351.99,$354.14,$350.165
04/05/2024,$352.30,421962,$348.94,$352.64,$348.15
04/04/2024,$347.93,706423,$353.26,$355.32,$347.75
04/03/2024,$350.35,719924,$351.78,$354.1399,$350.12
04/02/2024,$352.07,529352,$352.67,$354.1988,$350.02
04/01/2024,$353.59,492211,$353.81,$354.43,$351.43
03/28/2024,$354.98,705394,$353.95,$355.39,$351.90
03/27/2024,$353.41,537552,$350.50,$353.53,$348.94
03/26/2024,$347.61,451776,$347.70,$350.1008,$347.02
03/25/2024,$347.92,411076,$347.38,$349.13,$346.96
03/22/2024,$348.56,374402,$350.00,$351.33,$348.49
03/21/2024,$349.17,457121,$346.54,$349.74,$345.25
03/20/2024,$346.03,686451,$346.50,$347.21,$344.43
03/19/2024,$345.80,756907,$341.52,$347.13,$341.005
03/18/2024,$340.03,749611,$345.01,$347.0826,$339.82
03/15/2024,$344.19,1231144,$339.94,$344.67,$339.04
03/14/2024,$342.69,799555,$344.54,$344.63,$340.665
03/13/2024,$343.68,875809,$341.00,$344.85,$339.41
03/12/2024,$340.42,645037,$338.61,$340.80,$336.07
03/11/2024,$338.03,491862,$331.98,$338.12,$329.70
03/08/2024,$335.41,622350,$333.87,$337.38,$332.3616
03/07/2024,$334.20,529192,$338.25,$338.295,$333.99
03/06/2024,$337.53,771971,$334.96,$339.63,$334.00
03/05/2024,$331.81,574520,$335.32,$335.6799,$329.66
03/04/2024,$335.77,507536,$335.05,$335.80,$332.835
03/01/2024,$335.56,463274,$330.88,$335.88,$330.03
02/29/2024,$330.39,1064371,$332.63,$334.68,$328.13
02/28/2024,$331.25,370107,$328.82,$332.11,$328.07
02/27/2024,$328.68,352272,$328.29,$328.78,$326.22
02/26/2024,$328.55,553112,$331.75,$332.40,$327.965
02/23/2024,$330.27,442229,$331.33,$333.61,$330.15
02/22/2024,$331.04,563492,$327.75,$332.76,$325.78
02/21/2024,$324.82,430231,$325.04,$325.985,$321.99
02/20/2024,$323.04,641711,$319.34,$326.07,$318.20
02/16/2024,$320.49,548700,$324.16,$324.16,$319.40
02/15/2024,$323.90,725080,$318.86,$325.11,$318.42
02/14/2024,$319.39,496758,$319.81,$320.11,$316.34
02/13/2024,$319.22,747509,$319.75,$321.76,$314.84
02/12/2024,$320.09,907150,$330.00,$330.80,$319.55
02/09/2024,$330.89,1203365,$323.82,$333.00,$323.17
02/08/2024,$328.35,941508,$330.00,$330.39,$326.15
02/07/2024,$327.93,543580,$328.50,$328.915,$326.34
02/06/2024,$325.38,706600,$324.91,$326.955,$321.46
02/05/2024,$325.30,670400,$326.60,$326.61,$323.63
02/02/2024,$327.62,568948,$324.72,$329.99,$324.72
02/01/2024,$325.15,533056,$319.50,$325.21,$318.80
01/31/2024,$319.50,832444,$326.58,$326.59,$319.49
01/30/2024,$327.52,791867,$325.86,$328.08,$325.65
01/29/2024,$326.75,622752,$325.10,$328.23,$325.07
01/26/2024,$326.10,487026,$328.00,$329.2699,$326.08
01/25/2024,$328.59,392649,$329.54,$330.84,$326.825
01/24/2024,$328.35,559700,$329.83,$330.93,$328.17
01/23/2024,$329.47,596231,$325.84,$329.54,$325.24
01/22/2024,$324.99,797334,$327.44,$328.15,$324.78
01/19/2024,$326.28,736382,$323.02,$328.06,$322.08
01/18/2024,$320.97,724485,$317.17,$321.04,$316.80
01/17/2024,$317.03,446110,$315.72,$317.87,$315.72
01/16/2024,$315.65,499927,$315.64,$317.15,$314.08
01/12/2024,$316.31,692334,$315.29,$316.34,$313.67
01/11/2024,$314.28,624892,$315.47,$316.03,$312.73
01/10/2024,$315.04,418656,$312.46,$315.115,$312.02
01/09/2024,$312.01,629607,$311.70,$312.8533,$309.435
01/08/2024,$312.86,525368,$310.36,$313.02,$308.61
01/05/2024,$309.16,492792,$311.71,$312.185,$307.31
01/04/2024,$311.75,739152,$313.09,$314.29,$311.71
01/03/2024,$312.00,720206,$312.96,$314.235,$310.53
01/02/2024,$311.64,800172,$312.36,$314.48,$310.54
12/29/2023,$313.09,499124,$311.50,$313.89,$311.385
12/28/2023,$311.07,311706,$311.58,$311.9771,$310.53
12/27/2023,$310.42,415125,$309.17,$311.1299,$309.17
12/26/2023,$310.00,377443,$308.18,$310.95,$308.18
12/22/2023,$309.85,330751,$312.01,$312.4144,$308.68
12/21/2023,$310.55,484803,$308.41,$310.945,$307.09
12/20/2023,$309.39,696705,$311.95,$313.71,$308.82
12/19/2023,$312.97,1019253,$316.28,$316.31,$311.365
12/18/2023,$314.96,848641,$311.64,$315.04,$311.64
12/15/2023,$310.50,2127220,$310.90,$315.05,$308.20
12/14/2023,$315.82,1375155,$326.00,$326.00,$314.625
12/13/2023,$326.94,783306,$329.81,$329.81,$325.21
12/12/2023,$328.96,464454,$328.00,$329.83,$326.73
12/11/2023,$326.41,512806,$326.00,$327.70,$324.88
12/08/2023,$324.52,871435,$324.00,$325.18,$322.56
12/07/2023,$323.36,536272,$323.45,$325.385,$322.22
12/06/2023,$322.47,557481,$325.28,$325.28,$321.72
12/05/2023,$324.56,546058,$323.66,$324.955,$321.62
12/04/2023,$323.66,786205,$323.02,$324.46,$320.85
12/01/2023,$325.32,708354,$323.66,$325.895,$322.56
11/30/2023,$322.87,1317344,$318.51,$322.98,$317.59
11/29/2023,$319.04,653244,$320.42,$321.49,$318.64
11/28/2023,$318.46,634627,$321.02,$321.42,$317.75
11/27/2023,$320.67,599268,$320.89,$321.11,$318.58
11/24/2023,$320.84,275908,$320.00,$320.84,$318.005
11/22/2023,$319.52,441524,$321.76,$322.53,$318.74
11/21/2023,$319.99,426564,$320.09,$320.86,$318.35
11/20/2023,$319.43,619299,$318.00,$320.13,$315.55
11/17/2023,$318.25,694921,$320.00,$320.00,$317.04
11/16/2023,$317.26,652645,$312.49,$317.34,$312.22
11/15/2023,$314.12,962646,$312.50,$315.93,$311.905
11/14/2023,$312.26,609451,$310.22,$312.93,$307.59
11/13/2023,$309.64,465019,$311.00,$312.55,$308.57
11/10/2023,$311.02,642452,$308.88,$311.1174,$305.735
11/09/2023,$308.80,859530,$309.23,$311.53,$306.82
11/08/2023,$309.19,1063040,$306.85,$310.58,$306.355
11/07/2023,$304.98,888606,$306.04,$308.16,$304.13
11/06/2023,$304.58,1377504,$299.00,$305.12,$298.625
11/03/2023,$299.42,1307053,$294.00,$299.44,$290.00
11/02/2023,$281.17,1018888,$280.24,$281.81,$276.45
11/01/2023,$280.50,895305,$278.56,$283.64,$277.62
10/31/2023,$278.46,618240,$278.01,$280.00,$276.1937
10/30/2023,$276.22,458405,$273.65,$277.14,$272.38
10/27/2023,$272.39,574254,$274.01,$276.56,$271.73
10/26/2023,$274.84,723505,$279.58,$280.07,$273.41
10/25/2023,$280.51,409268,$282.05,$284.265,$280.33
10/24/2023,$281.44,474501,$280.24,$283.16,$278.97
10/23/2023,$279.43,607317,$280.41,$282.63,$278.84
10/20/2023,$281.25,936608,$283.21,$285.46,$281.14
10/19/2023,$281.94,594442,$286.47,$287.75,$281.45
10/18/2023,$288.22,443069,$289.22,$291.64,$287.55
10/17/2023,$289.85,614074,$291.18,$291.36,$288.14
10/16/2023,$293.32,838816,$290.28,$294.92,$290.28
10/13/2023,$288.15,463716,$288.98,$289.8921,$285.61
10/12/2023,$288.28,450907,$288.63,$291.16,$286.98
10/11/2023,$287.60,440711,$285.35,$287.68,$284.225
10/10/2023,$285.05,583644,$286.18,$287.64,$283.84
10/09/2023,$286.31,669513,$279.75,$287.04,$279.65
10/06/2023,$276.14,442647,$272.15,$277.60,$271.10
10/05/2023,$273.23,459426,$273.72,$275.30,$273.00
10/04/2023,$274.23,558361,$271.90,$274.83,$271.785
10/03/2023,$271.49,526871,$272.29,$273.8571,$269.645
10/02/2023,$272.92,496959,$271.40,$273.35,$271.09
09/29/2023,$272.24,715702,$274.91,$274.94,$271.61
09/28/2023,$274.19,478493,$273.85,$276.33,$273.84
09/27/2023,$272.98,539687,$274.01,$275.37,$271.23
09/26/2023,$273.50,613400,$275.40,$276.485,$273.23
09/25/2023,$276.66,509811,$277.04,$279.04,$275.605
09/22/2023,$277.74,572731,$278.78,$281.10,$277.62
09/21/2023,$279.17,490534,$284.51,$285.27,$279.13
09/20/2023,$285.74,684174,$286.52,$288.71,$285.485
09/19/2023,$285.80,619173,$287.81,$287.99,$284.43
09/18/2023,$287.40,786291,$283.42,$289.01,$281.87
09/15/2023,$283.21,1038348,$283.73,$285.74,$282.625
09/14/2023,$284.83,517421,$280.71,$285.34,$280.15
09/13/2023,$280.08,544000,$281.37,$282.08,$278.52
09/12/2023,$281.30,453078,$282.36,$283.64,$280.76
09/11/2023,$283.51,531081,$282.77,$284.24,$281.70
09/08/2023,$282.50,826040,$282.59,$284.95,$280.2201
09/07/2023,$282.41,774049,$281.17,$284.70,$280.9927
09/06/2023,$280.92,531919,$280.55,$282.40,$278.70
09/05/2023,$281.07,441714,$283.91,$284.16,$280.97
09/01/2023,$283.68,438537,$284.09,$284.7725,$282.24
08/31/2023,$283.57,815538,$284.74,$284.74,$282.31
08/30/2023,$283.19,395682,$282.43,$284.87,$281.86
08/29/2023,$282.03,566617,$281.33,$283.00,$280.49
08/28/2023,$280.88,430621,$278.87,$281.675,$278.59
08/25/2023,$278.78,456755,$276.79,$280.09,$276.79
08/24/2023,$275.60,438799,$278.39,$279.92,$275.48
08/23/2023,$277.79,624733,$276.74,$278.15,$275.63
08/22/2023,$275.89,764693,$278.13,$278.875,$275.54
08/21/2023,$277.16,476724,$277.92,$279.24,$276.09
08/18/2023,$277.68,1310067,$276.19,$279.68,$276.03
08/17/2023,$277.46,848620,$283.33,$284.48,$277.22
08/16/2023,$281.64,798605,$281.07,$284.15,$280.985
08/15/2023,$281.29,472063,$284.83,$285.645,$281.14
08/14/2023,$285.04,651719,$286.57,$288.1656,$284.415
08/11/2023,$285.96,645464,$282.00,$286.21,$282.00
08/10/2023,$281.99,838638,$281.92,$283.95,$280.535
08/09/2023,$281.22,1085411,$277.63,$283.68,$277.26
08/08/2023,$277.80,747479,$280.08,$283.60,$277.58
08/07/2023,$280.41,895414,$280.15,$282.88,$276.93
08/04/2023,$278.85,1307849,$293.13,$294.10,$278.465
08/03/2023,$287.71,799371,$284.86,$289.51,$283.40
08/02/2023,$287.65,651246,$287.15,$289.24,$285.3301
08/01/2023,$288.13,882721,$288.79,$291.00,$286.78
07/31/2023,$286.63,1800529,$290.68,$290.68,$283.00
07/28/2023,$291.05,899032,$291.83,$294.80,$290.77
07/27/2023,$291.69,773645,$296.04,$296.82,$291.51
07/26/2023,$295.40,608592,$297.03,$297.6684,$293.42
07/25/2023,$297.96,365597,$295.16,$298.165,$294.58
07/24/2023,$295.56,362597,$296.69,$296.79,$294.36
07/21/2023,$296.19,530983,$296.64,$298.39,$295.92
07/20/2023,$295.51,611243,$291.76,$295.82,$290.85
07/19/2023,$291.96,452425,$291.48,$293.1731,$289.01
07/18/2023,$290.71,405789,$291.29,$291.70,$288.94
07/17/2023,$291.49,544809,$290.39,$292.41,$290.15
07/14/2023,$291.06,598567,$289.82,$292.155,$289.18
07/13/2023,$292.16,644354,$295.73,$297.31,$291.92
07/12/2023,$294.86,749766,$296.26,$298.115,$294.17
07/11/2023,$296.30,665458,$295.49,$297.21,$294.57
07/10/2023,$294.97,512721,$292.36,$296.21,$292.36
07/07/2023,$291.87,654625,$293.12,$294.225,$291.68
07/06/2023,$295.62,811740,$291.06,$296.325,$289.89
07/05/2023,$292.74,945805,$291.32,$293.03,$289.14
07/03/2023,$292.76,328360,$290.89,$292.76,$289.33
06/30/2023,$293.28,875154,$290.74,$294.35,$289.41
06/29/2023,$288.59,539078,$284.55,$288.96,$284.36
06/28/2023,$283.54,442547,$282.12,$285.07,$281.23
06/27/2023,$283.88,549009,$281.29,$285.0309,$280.9256
06/26/2023,$280.39,526346,$279.92,$282.78,$279.535
06/23/2023,$278.61,4768388,$281.87,$282.46,$276.40
06/22/2023,$283.68,679673,$281.75,$283.72,$280.52
06/21/2023,$281.16,927486,$278.89,$282.645,$276.795
06/20/2023,$279.11,744923,$279.95,$280.67,$277.525
06/16/2023,$280.25,1303084,$283.00,$284.70,$279.56
06/15/2023,$282.27,889422,$277.98,$282.66,$277.4325
06/14/2023,$278.31,1375354,$279.11,$280.41,$276.605
06/13/2023,$279.99,695237,$281.39,$282.175,$278.23
06/12/2023,$281.30,736831,$278.43,$281.33,$276.995
06/09/2023,$277.99,716236,$279.97,$280.10,$276.75
06/08/2023,$279.21,1193589,$280.32,$280.62,$278.22
06/07/2023,$280.86,650302,$278.25,$281.15,$278.12
06/06/2023,$278.25,982160,$282.70,$283.41,$275.88
06/05/2023,$283.25,681383,$285.02,$286.535,$283.07
06/02/2023,$282.73,1361486,$281.49,$284.02,$280.89
06/01/2023,$282.22,912647,$281.92,$282.84,$279.82
05/31/2023,$281.92,2279470,$285.30,$286.8499,$281.58
05/30/2023,$285.03,1052798,$284.80,$287.505,$283.21
05/26/2023,$284.57,932085,$283.87,$287.735,$283.61
05/25/2023,$282.00,946737,$284.68,$284.905,$281.87
05/24/2023,$283.58,595643,$284.82,$285.08,$281.88
05/23/2023,$285.43,751714,$291.57,$291.70,$285.005
05/22/2023,$293.76,792087,$296.43,$297.67,$293.14
05/19/2023,$297.45,727788,$298.50,$299.43,$297.14
05/18/2023,$296.53,654082,$290.97,$296.88,$290.97
05/17/2023,$292.65,651324,$293.20,$293.51,$289.22
05/16/2023,$291.38,455860,$291.59,$292.42,$290.45
05/15/2023,$291.88,508641,$292.60,$293.61,$288.99
05/12/2023,$292.96,610145,$290.13,$293.30,$289.32
05/11/2023,$288.42,461118,$289.91,$289.91,$287.05
05/10/2023,$289.55,545954,$288.03,$291.36,$287.20
05/09/2023,$286.57,590257,$284.53,$287.13,$283.92
05/08/2023,$284.90,1096083,$284.01,$287.16,$282.80
05/05/2023,$281.56,1501288,$285.12,$288.86,$276.98
05/04/2023,$290.41,968799,$288.13,$292.67,$287.84
05/03/2023,$288.62,595591,$295.00,$295.00,$288.48
05/02/2023,$293.16,665788,$293.94,$294.6575,$290.17
05/01/2023,$294.57,460923,$292.50,$295.095,$292.43
04/28/2023,$291.40,886966,$292.58,$293.64,$288.77
04/27/2023,$293.65,841077,$288.86,$293.80,$287.415
04/26/2023,$287.69,610209,$286.86,$289.21,$286.65
04/25/2023,$289.30,564717,$293.62,$293.62,$289.00
04/24/2023,$293.40,501758,$293.00,$294.5399,$291.45
04/21/2023,$292.75,615279,$289.73,$292.98,$288.85
04/20/2023,$287.72,600054,$287.70,$288.76,$286.0656
04/19/2023,$288.87,513123,$289.69,$289.78,$287.45
04/18/2023,$290.50,563732,$292.23,$293.32,$289.03
04/17/2023,$290.92,656528,$291.39,$292.295,$289.465
04/14/2023,$291.46,969457,$289.93,$292.15,$288.97
04/13/2023,$289.40,755682,$287.21,$289.74,$285.76
04/12/2023,$285.72,639296,$284.72,$287.42,$283.18
04/11/2023,$283.50,625063,$283.00,$284.735,$282.56
04/10/2023,$283.62,590877,$283.00,$283.94,$281.42
04/06/2023,$283.46,795330,$283.95,$284.56,$281.94
04/05/2023,$286.14,1043371,$286.01,$286.21,$283.08
04/04/2023,$285.90,650137,$286.21,$286.21,$282.26
04/03/2023,$285.43,672558,$283.81,$286.21,$283.74
03/31/2023,$286.13,730601,$283.16,$286.24,$282.69
03/30/2023,$281.65,825969,$280.00,$282.16,$278.95
03/29/2023,$276.81,498941,$275.24,$277.63,$274.52
03/28/2023,$272.88,559717,$274.20,$275.15,$272.305
03/27/2023,$274.20,521229,$273.52,$275.83,$273.055
03/24/2023,$271.68,625324,$268.16,$271.94,$265.95
03/23/2023,$268.16,601511,$267.67,$272.25,$266.005
03/22/2023,$267.54,463636,$271.00,$273.11,$267.35
03/21/2023,$271.66,781485,$270.83,$273.03,$268.91
03/20/2023,$268.11,743281,$265.00,$270.295,$264.945
03/17/2023,$264.24,1475738,$268.91,$269.50,$262.145
03/16/2023,$268.58,952582,$261.31,$269.28,$260.8548
03/15/2023,$258.72,1030203,$263.17,$263.50,$255.85
03/14/2023,$266.25,890743,$263.29,$267.37,$261.69
03/13/2023,$261.15,840749,$259.25,$264.345,$257.89
03/10/2023,$261.48,546274,$264.96,$265.56,$260.74
03/09/2023,$265.18,550171,$268.75,$271.01,$264.985
03/08/2023,$267.59,494553,$266.86,$268.245,$265.655
03/07/2023,$265.96,706806,$269.21,$269.7099,$264.01
03/06/2023,$268.00,498556,$267.85,$269.74,$267.05
03/03/2023,$266.56,495407,$264.92,$266.60,$264.11
03/02/2023,$263.56,436045,$262.73,$264.50,$261.26
03/01/2023,$263.35,544394,$261.22,$263.57,$260.685
02/28/2023,$262.81,732174,$262.66,$265.02,$262.26
02/27/2023,$262.94,561679,$264.47,$265.095,$261.635
02/24/2023,$261.80,840438,$261.91,$263.335,$259.76
02/23/2023,$264.00,852386,$265.70,$266.11,$262.125
02/22/2023,$264.11,818540,$268.56,$268.98,$262.80
02/21/2023,$268.42,676266,$269.00,$269.27,$266.15
02/17/2023,$269.42,785572,$267.54,$271.19,$265.50
02/16/2023,$267.36,596942,$270.11,$271.14,$266.39
02/15/2023,$272.01,719370,$269.09,$272.01,$269.055
02/14/2023,$270.42,690355,$270.85,$272.13,$268.25
02/13/2023,$271.57,993515,$272.00,$273.80,$268.62
02/10/2023,$271.52,1397984,$264.54,$273.00,$262.23
02/09/2023,$257.15,817459,$259.50,$261.63,$257.13
02/08/2023,$258.00,633545,$256.61,$260.0199,$255.275
02/07/2023,$257.80,778472,$255.73,$258.90,$251.25
02/06/2023,$258.24,619989,$255.54,$259.555,$254.95
02/03/2023,$256.44,588753,$255.29,$258.38,$254.38
02/02/2023,$255.92,856817,$260.54,$261.02,$254.33
02/01/2023,$259.77,583025,$255.51,$260.5725,$253.89
01/31/2023,$257.01,713689,$253.27,$257.03,$252.67
01/30/2023,$252.24,732789,$253.65,$255.19,$251.95
01/27/2023,$254.40,507960,$256.68,$257.72,$254.00
01/26/2023,$257.25,620245,$260.95,$261.46,$255.50
01/25/2023,$258.57,479159,$254.49,$259.02,$254.265
01/24/2023,$256.23,418802,$255.57,$257.30,$252.16
01/23/2023,$256.82,419485,$255.12,$258.88,$253.92
01/20/2023,$255.31,488307,$252.65,$255.46,$251.00
01/19/2023,$252.53,829241,$255.46,$256.755,$251.65
01/18/2023,$256.86,533430,$263.87,$264.425,$256.52
01/17/2023,$263.29,749495,$265.95,$267.56,$262.46
01/13/2023,$266.01,556296,$260.79,$266.56,$260.01
01/12/2023,$264.71,884658,$265.78,$266.62,$262.53
01/11/2023,$264.34,830361,$258.30,$264.50,$257.1271
01/10/2023,$262.35,411569,$260.96,$262.396,$259.66
01/09/2023,$260.61,492067,$264.45,$268.13,$260.29
01/06/2023,$263.84,359308,$258.86,$265.09,$256.66
01/05/2023,$255.12,497957,$256.94,$257.46,$254.26
01/04/2023,$258.02,646541,$259.40,$260.67,$256.065
01/03/2023,$257.40,531518,$258.29,$259.60,$255.56
12/30/2022,$257.71,360900,$257.73,$257.8199,$254.84
12/29/2022,$258.81,322090,$255.98,$259.735,$255.9789
12/28/2022,$253.80,290468,$256.11,$257.30,$253.55
12/27/2022,$256.63,271105,$257.56,$257.56,$254.6245
12/23/2022,$256.63,230629,$255.48,$256.955,$254.48
12/22/2022,$255.42,610736,$256.33,$256.33,$251.47
12/21/2022,$257.50,432741,$256.92,$260.03,$256.40
12/20/2022,$255.82,419197,$255.42,$256.75,$253.85
12/19/2022,$254.59,644860,$253.24,$255.96,$252.5594
12/16/2022,$252.44,1191041,$253.77,$255.07,$252.145
12/15/2022,$257.14,700243,$263.23,$263.635,$256.11
12/14/2022,$265.83,970660,$267.21,$273.07,$263.96
12/13/2022,$267.15,927098,$275.00,$275.00,$265.20
12/12/2022,$270.84,441050,$267.26,$271.00,$265.34
12/09/2022,$265.57,465382,$269.50,$271.27,$265.465
12/08/2022,$269.79,450400,$268.76,$270.095,$266.92
12/07/2022,$266.79,614524,$266.27,$269.30,$263.69
12/06/2022,$266.17,673416,$268.85,$269.99,$263.28
12/05/2022,$268.23,527412,$269.78,$272.25,$267.185
12/02/2022,$272.70,602546,$268.76,$274.11,$268.76
12/01/2022,$271.78,747982,$273.41,$275.16,$271.29
11/30/2022,$272.20,1349525,$263.68,$272.58,$263.68
11/29/2022,$264.46,706116,$264.83,$266.36,$263.54
11/28/2022,$265.98,897721,$266.90,$268.53,$265.06
11/25/2022,$268.43,212115,$267.29,$268.9094,$266.15
11/23/2022,$266.00,447101,$265.48,$267.44,$265.12
11/22/2022,$265.06,620083,$263.86,$265.55,$262.8223
11/21/2022,$262.38,515303,$262.64,$265.34,$261.82
11/18/2022,$262.94,931682,$258.12,$263.99,$257.00
11/17/2022,$255.51,553089,$254.63,$256.82,$252.7232
11/16/2022,$255.76,599831,$251.10,$256.44,$250.935
11/15/2022,$250.41,704383,$253.13,$253.30,$248.75
11/14/2022,$250.95,686193,$250.12,$255.60,$250.12
11/11/2022,$249.53,2209513,$260.00,$260.02,$245.76
11/10/2022,$259.61,907116,$260.06,$261.45,$257.28
11/09/2022,$253.62,765907,$255.86,$255.98,$252.65
11/08/2022,$256.80,775981,$255.87,$260.45,$253.40
11/07/2022,$255.53,818278,$255.66,$257.54,$253.015
11/04/2022,$254.87,1865053,$251.94,$258.5282,$244.03
11/03/2022,$238.18,920074,$237.81,$239.56,$235.50
11/02/2022,$239.90,677496,$242.46,$247.27,$239.90
11/01/2022,$242.89,968667,$250.76,$250.98,$242.54
10/31/2022,$249.71,1125004,$248.87,$251.87,$245.62
10/28/2022,$250.12,990804,$243.63,$250.45,$243.00
10/27/2022,$242.18,854469,$242.44,$244.58,$241.51
10/26/2022,$240.30,794650,$240.04,$241.39,$238.42
10/25/2022,$239.68,683591,$234.90,$240.30,$234.90
10/24/2022,$235.05,735280,$228.67,$235.67,$228.67
10/21/2022,$226.38,728802,$221.32,$227.08,$219.43
10/20/2022,$221.17,653819,$223.07,$224.46,$219.79
10/19/2022,$223.85,471898,$223.82,$225.295,$222.07
10/18/2022,$225.30,564548,$225.47,$227.50,$222.55
10/17/2022,$220.74,832673,$217.31,$222.20,$217.31
10/14/2022,$213.28,1105883,$225.89,$225.89,$212.76
10/13/2022,$225.37,783329,$219.90,$225.92,$217.01
10/12/2022,$223.33,709085,$225.45,$226.275,$223.29
10/11/2022,$224.25,666176,$225.97,$226.91,$222.555
10/10/2022,$227.02,402775,$230.73,$230.73,$226.4501
10/07/2022,$229.85,554070,$232.13,$232.13,$228.1601
10/06/2022,$234.20,459431,$236.67,$238.14,$233.55
10/05/2022,$236.86,476130,$232.74,$238.19,$232.52
10/04/2022,$235.42,607268,$232.69,$236.27,$232.11
10/03/2022,$228.97,877496,$227.37,$230.52,$225.93
09/30/2022,$223.97,1074857,$225.90,$228.62,$223.68
09/29/2022,$225.30,656836,$227.96,$228.05,$223.295
09/28/2022,$229.62,712596,$228.20,$230.51,$226.20
09/27/2022,$225.66,674067,$228.22,$228.99,$223.67
09/26/2022,$225.81,665164,$229.23,$230.04,$224.47
09/23/2022,$228.76,692215,$229.81,$230.30,$225.67
09/22/2022,$232.02,731322,$236.38,$237.07,$231.97
09/21/2022,$237.86,656350,$240.12,$243.84,$237.78
09/20/2022,$239.51,570174,$239.93,$240.32,$237.74
09/19/2022,$240.57,697819,$236.84,$240.905,$236.385
09/16/2022,$239.20,1250512,$237.30,$239.54,$235.45
09/15/2022,$238.16,898910,$241.57,$241.59,$236.94
09/14/2022,$242.31,993548,$243.53,$245.67,$240.30
09/13/2022,$246.08,735995,$249.34,$250.85,$244.925
09/12/2022,$253.51,724206,$252.00,$253.68,$251.34
09/09/2022,$250.22,640814,$251.07,$251.44,$248.69
09/08/2022,$250.36,516940,$248.49,$250.65,$247.70
09/07/2022,$249.55,573451,$244.19,$250.46,$243.98
09/06/2022,$243.57,806951,$243.78,$244.56,$240.31
09/02/2022,$243.77,594014,$246.25,$248.25,$242.63
09/01/2022,$244.17,664327,$243.19,$244.25,$239.725
08/31/2022,$243.41,789869,$246.88,$246.88,$243.06
08/30/2022,$245.13,514944,$248.55,$248.905,$244.07
08/29/2022,$247.07,463401,$245.60,$249.18,$244.86
08/26/2022,$248.32,802449,$254.36,$255.35,$248.29
08/25/2022,$254.38,699072,$249.45,$254.52,$248.77
08/24/2022,$248.63,706512,$247.00,$249.97,$246.3967
08/23/2022,$246.17,369094,$246.62,$248.64,$245.515
08/22/2022,$248.66,444930,$249.78,$250.815,$248.17
08/19/2022,$253.25,612462,$255.86,$255.86,$252.995
08/18/2022,$256.24,485923,$256.25,$258.49,$255.11
08/17/2022,$255.42,457152,$253.99,$256.285,$252.87
08/16/2022,$256.59,397967,$254.88,$257.80,$254.37
08/15/2022,$255.37,470742,$254.90,$256.69,$253.90
08/12/2022,$255.97,897399,$253.79,$255.98,$252.37
08/11/2022,$252.28,812159,$253.17,$254.365,$252.15
08/10/2022,$253.00,759921,$252.81,$254.94,$250.14
08/09/2022,$249.25,882561,$247.47,$251.05,$246.14
08/08/2022,$248.15,1019995,$249.05,$249.96,$243.905
08/05/2022,$250.21,1706631,$243.00,$251.46,$238.54
08/04/2022,$239.69,944451,$238.38,$240.57,$236.9101
08/03/2022,$238.45,618577,$237.85,$240.03,$236.705
08/02/2022,$237.46,646613,$237.56,$238.99,$234.20
08/01/2022,$236.63,890628,$236.80,$239.00,$236.12
07/29/2022,$238.59,810727,$237.37,$239.61,$236.33
07/28/2022,$236.32,948299,$231.49,$237.28,$230.5654
07/27/2022,$230.25,601396,$224.90,$230.50,$223.3837
07/26/2022,$224.27,552718,$222.52,$224.45,$222.045
07/25/2022,$223.51,587822,$221.17,$223.81,$219.49
07/22/2022,$221.16,387034,$222.50,$222.91,$220.245
07/21/2022,$222.22,489087,$216.94,$222.26,$216.94
07/20/2022,$217.03,629640,$218.11,$219.18,$216.71
07/19/2022,$218.28,549788,$214.55,$218.63,$213.92
07/18/2022,$211.89,438048,$215.23,$215.23,$211.18
07/15/2022,$215.02,502627,$212.69,$215.09,$211.37
07/14/2022,$209.77,428181,$207.31,$210.485,$206.62
07/13/2022,$211.03,567186,$204.82,$212.65,$204.55
07/12/2022,$208.17,726310,$213.49,$215.43,$207.34
07/11/2022,$213.45,646445,$213.28,$216.68,$212.91
07/08/2022,$214.65,586344,$217.48,$217.97,$214.58
07/07/2022,$219.41,716196,$216.94,$220.63,$216.59
07/06/2022,$216.92,767582,$213.37,$217.485,$212.59
07/05/2022,$212.23,738445,$206.55,$212.23,$205.25
07/01/2022,$210.08,503103,$208.61,$210.47,$206.58
06/30/2022,$209.60,753612,$207.31,$211.06,$206.90
06/29/2022,$209.73,485106,$209.88,$210.05,$206.78
06/28/2022,$210.24,472626,$217.41,$218.575,$210.19
06/27/2022,$217.12,598799,$217.18,$218.45,$213.855
06/24/2022,$217.33,963930,$212.91,$217.51,$212.91
06/23/2022,$211.08,630151,$210.52,$212.81,$210.08
06/22/2022,$209.81,942259,$205.59,$211.95,$204.09
06/21/2022,$205.18,1127859,$204.48,$206.7482,$203.97
06/17/2022,$202.84,1955554,$197.74,$204.67,$197.52
06/16/2022,$197.00,847050,$198.88,$199.71,$195.175
06/15/2022,$203.11,694530,$205.46,$206.52,$200.32
06/14/2022,$203.31,893479,$202.78,$205.55,$201.31
06/13/2022,$202.61,902201,$204.46,$205.525,$201.60
06/10/2022,$209.25,574185,$210.73,$211.69,$207.38
06/09/2022,$214.25,508480,$217.57,$218.87,$214.25
06/08/2022,$217.86,415634,$220.43,$220.93,$217.50
06/07/2022,$221.97,506030,$219.14,$222.075,$217.87
06/06/2022,$221.25,574161,$227.14,$227.90,$220.16
06/03/2022,$225.55,1030719,$222.16,$226.89,$221.1441
06/02/2022,$224.11,630798,$217.11,$224.37,$215.92
06/01/2022,$217.62,511109,$221.19,$222.52,$215.665
05/31/2022,$219.74,1257375,$220.21,$221.595,$217.915
05/27/2022,$223.01,527649,$220.00,$223.02,$219.82
05/26/2022,$217.88,825910,$215.49,$219.20,$214.74
05/25/2022,$213.44,1363098,$214.70,$216.311,$212.6569
05/24/2022,$214.65,1006890,$211.02,$215.77,$209.56
05/23/2022,$212.79,1024023,$214.25,$214.99,$210.4952
05/20/2022,$210.28,1893420,$212.23,$212.91,$205.635
05/19/2022,$210.26,1548460,$205.07,$213.59,$203.29
05/18/2022,$205.47,1128275,$211.05,$211.415,$202.63
05/17/2022,$213.39,941740,$213.62,$213.62,$209.82
05/16/2022,$209.50,1156958,$212.89,$214.79,$209.44
05/13/2022,$215.29,1959558,$207.06,$216.64,$206.98
05/12/2022,$201.54,1588423,$201.05,$204.40,$199.24
05/11/2022,$201.95,1059853,$201.88,$206.61,$200.91
05/10/2022,$202.85,943730,$204.51,$205.63,$201.34
05/09/2022,$202.08,1181131,$203.86,$205.33,$200.22
05/06/2022,$206.51,1226315,$207.90,$209.69,$204.69
05/05/2022,$210.39,1156775,$216.68,$217.06,$208.705
05/04/2022,$219.38,605118,$215.41,$219.84,$212.64
05/03/2022,$215.19,626977,$214.82,$217.73,$212.575
05/02/2022,$214.77,825621,$215.09,$217.30,$210.78
04/29/2022,$213.69,1105883,$221.41,$222.44,$213.21
04/28/2022,$223.16,729530,$218.01,$224.25,$217.00
04/27/2022,$216.14,1386349,$219.80,$220.53,$215.60
04/26/2022,$219.33,839150,$225.16,$225.98,$219.13
04/25/2022,$225.05,768857,$224.21,$225.11,$220.00
04/22/2022,$224.93,729666,$232.13,$233.25,$224.558
04/21/2022,$232.93,628252,$237.85,$239.38,$232.39
04/20/2022,$236.98,510680,$236.41,$239.045,$235.125
04/19/2022,$234.22,424569,$229.97,$234.765,$229.91
04/18/2022,$229.97,460644,$231.53,$233.94,$228.90
04/14/2022,$233.19,575422,$236.53,$237.51,$233.05
04/13/2022,$236.25,737148,$232.74,$236.45,$232.33
04/12/2022,$232.37,538056,$233.83,$236.86,$231.485
04/11/2022,$233.35,546678,$237.78,$237.93,$232.86
04/08/2022,$239.46,526542,$241.47,$241.91,$239.04
04/07/2022,$241.29,619561,$238.92,$242.78,$238.45
04/06/2022,$239.08,752058,$234.78,$240.33,$234.78
04/05/2022,$237.47,668399,$238.44,$241.25,$236.89
04/04/2022,$239.89,528411,$238.00,$240.12,$237.51
04/01/2022,$238.14,771644,$243.66,$244.66,$235.65
03/31/2022,$242.20,1341413,$240.61,$245.95,$239.52
03/30/2022,$240.78,687407,$237.42,$240.91,$237.30
03/29/2022,$238.03,522396,$236.99,$238.50,$234.86
03/28/2022,$235.12,625371,$232.57,$235.17,$231.31
03/25/2022,$232.40,480306,$232.00,$233.175,$230.58
03/24/2022,$231.04,678815,$227.72,$231.07,$226.80
03/23/2022,$226.78,628853,$229.98,$230.22,$226.37
03/22/2022,$232.09,1151501,$233.09,$234.96,$231.92
03/21/2022,$232.07,1265457,$232.65,$234.37,$231.17
03/18/2022,$233.09,2178606,$233.60,$234.83,$230.74
03/17/2022,$230.78,935577,$226.85,$231.03,$225.98
03/16/2022,$226.84,739453,$226.63,$229.16,$220.81
03/15/2022,$224.73,1071001,$220.80,$225.33,$220.16
03/14/2022,$218.75,843122,$221.79,$224.38,$217.43
03/11/2022,$221.77,932990,$224.51,$226.63,$221.63
03/10/2022,$222.30,785409,$218.69,$224.39,$218.69
03/09/2022,$221.70,813472,$218.25,$223.255,$218.12
03/08/2022,$214.13,877879,$216.02,$219.70,$213.37
03/07/2022,$216.51,1061620,$222.43,$223.00,$216.2004
03/04/2022,$222.96,1072765,$219.36,$223.28,$217.57
03/03/2022,$221.57,792026,$223.65,$224.37,$219.97
03/02/2022,$222.69,1346377,$216.70,$224.01,$216.02
03/01/2022,$216.21,1322994,$219.29,$220.655,$214.67
02/28/2022,$220.43,948827,$219.32,$220.9091,$217.21
02/25/2022,$222.60,1035107,$217.44,$223.30,$215.0965
02/24/2022,$217.30,1539956,$202.56,$218.24,$202.45
02/23/2022,$207.64,906147,$213.57,$215.48,$207.50
02/22/2022,$213.08,962152,$216.21,$218.66,$211.37
02/18/2022,$217.81,1096635,$216.18,$219.625,$214.47
02/17/2022,$215.91,1036975,$220.00,$220.54,$215.82
02/16/2022,$221.00,1408043,$220.76,$222.12,$216.39
02/15/2022,$222.89,2002736,$217.10,$223.39,$217.10
02/14/2022,$213.81,1652068,$216.00,$218.29,$211.08
02/11/2022,$216.00,1839738,$221.28,$224.20,$213.255
02/10/2022,$221.86,1837229,$229.66,$231.68,$219.91
02/09/2022,$238.50,995687,$237.76,$240.68,$237.41
02/08/2022,$236.39,566511,$236.00,$237.675,$234.175
02/07/2022,$236.61,684677,$235.23,$238.57,$234.03
02/04/2022,$235.57,904460,$234.53,$238.735,$233.84
02/03/2022,$235.61,725145,$235.18,$238.17,$235.18
02/02/2022,$237.66,1022220,$232.52,$238.09,$232.355
02/01/2022,$231.80,864173,$231.79,$232.63,$228.11
01/31/2022,$231.94,882751,$226.92,$232.34,$226.92
01/28/2022,$227.12,1032088,$224.16,$227.31,$219.49
01/27/2022,$223.09,1508138,$229.65,$231.98,$222.13
01/26/2022,$227.55,2121325,$235.44,$235.8176,$226.01
01/25/2022,$234.04,1009017,$236.59,$238.805,$230.07
01/24/2022,$239.51,1247398,$234.88,$239.87,$230.01
01/21/2022,$237.19,756561,$239.82,$242.67,$236.81
01/20/2022,$238.85,624038,$244.78,$246.34,$238.23
01/19/2022,$244.25,895300,$245.62,$247.9954,$244.00
01/18/2022,$245.49,1094618,$248.69,$248.85,$245.01
01/14/2022,$251.13,871494,$249.20,$251.79,$247.40
01/13/2022,$250.90,1011987,$256.52,$258.39,$250.69
01/12/2022,$256.85,581607,$256.68,$258.4491,$255.34
01/11/2022,$256.05,521293,$255.76,$256.80,$251.75
01/10/2022,$256.03,573806,$251.83,$256.10,$249.86
01/07/2022,$252.55,586046,$257.78,$258.97,$252.39
01/06/2022,$257.69,627338,$258.82,$261.35,$256.46
01/05/2022,$259.11,521834,$263.55,$265.22,$258.94
01/04/2022,$264.80,588677,$267.00,$267.60,$263.05
01/03/2022,$267.43,675153,$271.30,$271.38,$265.21
12/31/2021,$271.70,303465,$270.97,$273.13,$270.4842
12/30/2021,$271.09,323291,$273.16,$273.6496,$270.97
12/29/2021,$272.73,791929,$271.82,$273.505,$269.63
12/28/2021,$269.81,498699,$268.41,$270.06,$267.50
12/27/2021,$268.92,472463,$263.88,$269.05,$262.58
12/23/2021,$262.90,565891,$264.78,$266.35,$261.36
12/22/2021,$264.59,472085,$261.88,$265.1677,$259.80
12/21/2021,$261.61,789831,$257.95,$261.79,$256.21
12/20/2021,$255.90,707802,$256.27,$258.06,$252.17
12/17/2021,$259.12,1117790,$259.23,$261.70,$256.21
12/16/2021,$261.76,806933,$263.33,$266.86,$260.33
12/15/2021,$262.63,632026,$260.22,$262.90,$257.955
12/14/2021,$259.53,617927,$261.29,$262.84,$257.43
12/13/2021,$263.29,476105,$264.97,$265.63,$261.705
12/10/2021,$264.92,719968,$260.22,$265.47,$259.75
12/09/2021,$259.18,787619,$254.10,$260.975,$254.10
12/08/2021,$253.69,586469,$255.50,$256.00,$252.71
12/07/2021,$254.97,635553,$253.57,$256.055,$252.95
12/06/2021,$250.61,1063531,$250.53,$255.23,$249.32
12/03/2021,$248.00,775472,$253.11,$256.00,$245.665
12/02/2021,$252.52,878550,$246.06,$254.66,$246.06
12/01/2021,$245.95,1065893,$256.57,$258.18,$245.56
11/30/2021,$253.18,1747292,$258.22,$258.94,$252.66
11/29/2021,$259.50,879243,$256.63,$262.42,$254.22
11/26/2021,$253.58,549172,$257.97,$260.97,$252.84
11/24/2021,$261.29,996807,$256.17,$261.85,$256.17
11/23/2021,$257.11,578733,$255.98,$259.215,$253.72
11/22/2021,$255.62,789710,$253.81,$258.4486,$253.56
11/19/2021,$253.11,639084,$258.30,$258.78,$252.73
11/18/2021,$257.25,782347,$252.43,$257.29,$250.97
11/17/2021,$252.04,559537,$255.00,$255.00,$250.74
11/16/2021,$254.05,502535,$251.46,$254.67,$251.28
11/15/2021,$251.25,475234,$251.15,$252.765,$250.53
11/12/2021,$251.44,852022,$248.62,$252.55,$248.17
11/11/2021,$247.84,427355,$249.06,$249.93,$247.03
11/10/2021,$247.05,459852,$248.45,$251.78,$243.06
11/09/2021,$249.43,748620,$250.49,$253.19,$248.54
11/08/2021,$249.28,657245,$249.47,$250.19,$243.3371
11/05/2021,$247.44,932276,$252.21,$253.01,$244.43
11/04/2021,$251.41,595158,$252.46,$254.70,$250.07
11/03/2021,$252.67,505782,$251.62,$253.03,$248.83
11/02/2021,$251.51,918940,$246.01,$252.08,$246.01
11/01/2021,$245.03,486453,$248.17,$248.17,$244.58
10/29/2021,$248.59,830063,$247.09,$249.51,$246.00
10/28/2021,$248.13,645945,$246.60,$249.74,$246.60
10/27/2021,$250.05,820642,$246.86,$251.451,$246.86
10/26/2021,$245.80,387371,$246.98,$248.56,$245.56
10/25/2021,$245.91,531821,$249.00,$249.61,$245.63
10/22/2021,$249.53,285543,$248.69,$250.3585,$248.29
10/21/2021,$248.30,472149,$247.39,$249.745,$246.8271
10/20/2021,$246.43,439493,$246.00,$247.08,$244.77
10/19/2021,$245.13,444517,$243.94,$246.42,$243.555
10/18/2021,$243.07,675124,$239.00,$243.24,$238.36
10/15/2021,$239.83,882395,$246.91,$248.40,$239.38
10/14/2021,$245.11,663693,$243.60,$246.325,$242.613
10/13/2021,$241.30,671576,$239.92,$241.42,$239.65
10/12/2021,$239.32,602433,$236.18,$239.95,$235.26
10/11/2021,$235.66,347999,$236.40,$237.55,$235.41
10/08/2021,$236.76,407148,$237.50,$237.97,$235.98
10/07/2021,$236.85,565211,$235.33,$239.21,$234.98
10/06/2021,$233.76,769042,$230.93,$233.84,$228.61
10/05/2021,$232.27,646344,$232.33,$234.73,$230.44
10/04/2021,$231.47,588111,$232.89,$233.96,$229.93
10/01/2021,$234.31,563416,$233.75,$235.69,$230.40
09/30/2021,$232.32,632696,$236.72,$238.15,$232.31
09/29/2021,$235.66,589175,$234.40,$237.15,$234.11
09/28/2021,$233.67,716637,$237.48,$237.48,$233.30
09/27/2021,$238.86,469486,$240.74,$240.94,$238.31
09/24/2021,$240.77,636418,$239.63,$241.87,$239.1101
09/23/2021,$240.21,445231,$240.09,$243.07,$240.02
09/22/2021,$239.15,897423,$237.45,$241.11,$236.82
09/21/2021,$235.53,734398,$235.82,$236.70,$233.32
09/20/2021,$234.25,671694,$234.51,$235.97,$232.22
09/17/2021,$237.42,1458697,$240.68,$242.41,$236.56
09/16/2021,$242.32,458170,$244.82,$244.975,$241.23
09/15/2021,$243.97,1120558,$240.84,$244.70,$239.40
09/14/2021,$240.81,803202,$242.04,$242.13,$238.87
09/13/2021,$241.75,845107,$244.00,$244.54,$240.48
09/10/2021,$242.68,623601,$245.52,$245.52,$242.49
09/09/2021,$244.00,967278,$246.75,$246.965,$243.71
09/08/2021,$246.44,403519,$245.05,$246.84,$244.665
09/07/2021,$244.87,661821,$244.13,$245.735,$243.19
09/03/2021,$244.85,558330,$245.51,$246.42,$244.58
09/02/2021,$246.03,553028,$244.43,$246.12,$242.89
09/01/2021,$243.46,620182,$244.21,$244.22,$242.47
08/31/2021,$244.22,1071694,$244.90,$244.90,$242.4085
08/30/2021,$244.56,381994,$243.01,$244.785,$242.82
08/27/2021,$242.81,748733,$244.07,$244.55,$242.05
08/26/2021,$243.05,481531,$241.73,$243.50,$240.425
08/25/2021,$241.33,874162,$239.90,$242.585,$239.36
08/24/2021,$239.12,584961,$239.00,$240.265,$238.18
08/23/2021,$239.03,698349,$240.71,$241.185,$238.49
08/20/2021,$240.00,1209014,$237.26,$240.02,$236.42
08/19/2021,$237.41,874178,$231.83,$238.965,$231.80
08/18/2021,$233.91,649689,$234.06,$235.66,$232.8139
08/17/2021,$234.41,578443,$233.90,$234.85,$233.21
08/16/2021,$234.90,578933,$232.55,$235.03,$231.77
08/13/2021,$233.03,616484,$231.38,$233.11,$230.825
08/12/2021,$230.54,852345,$227.20,$230.57,$226.75
08/11/2021,$227.15,557017,$230.67,$230.67,$226.78
08/10/2021,$229.72,605810,$228.27,$230.43,$228.27
08/09/2021,$228.17,719555,$228.52,$231.21,$227.885
08/06/2021,$228.52,1252466,$225.27,$231.8898,$224.22
08/05/2021,$222.27,608104,$222.97,$223.8234,$220.83
08/04/2021,$222.77,680476,$225.00,$225.72,$222.02
08/03/2021,$224.99,418660,$224.31,$225.30,$222.99
08/02/2021,$223.93,569031,$224.86,$226.42,$223.71
07/30/2021,$223.92,656131,$223.26,$224.47,$223.26
07/29/2021,$223.78,526760,$223.99,$224.80,$223.17
07/28/2021,$221.48,551513,$221.90,$222.45,$220.60
07/27/2021,$221.65,503292,$221.40,$222.57,$219.565
07/26/2021,$222.67,451080,$221.34,$222.83,$220.73
07/23/2021,$221.70,453818,$221.53,$222.29,$219.89
07/22/2021,$220.12,419364,$218.66,$220.15,$217.54
07/21/2021,$219.42,485893,$219.42,$219.68,$217.64
07/20/2021,$218.58,727600,$217.82,$219.54,$217.08
07/19/2021,$216.60,578619,$217.24,$218.6848,$215.29
07/16/2021,$219.99,583225,$222.52,$223.63,$219.795
07/15/2021,$222.63,440773,$222.58,$223.95,$221.50
07/14/2021,$222.91,479893,$223.49,$224.64,$222.49
07/13/2021,$222.20,393029,$223.78,$224.195,$221.675
07/12/2021,$223.23,427386,$224.59,$225.01,$222.76
07/09/2021,$224.52,513055,$223.99,$224.81,$221.58
07/08/2021,$222.31,702217,$220.53,$224.2281,$220.50
07/07/2021,$224.45,459275,$223.28,$224.78,$221.21
07/06/2021,$223.01,755109,$222.14,$223.38,$219.985
07/02/2021,$221.02,643128,$219.60,$222.16,$218.85
07/01/2021,$218.74,471958,$217.60,$219.44,$217.29
06/30/2021,$216.85,573906,$216.85,$217.86,$216.01
06/29/2021,$217.01,515762,$215.27,$217.22,$215.20
06/28/2021,$215.11,534244,$216.10,$216.18,$214.50
06/25/2021,$215.62,1103342,$214.61,$216.12,$214.57
06/24/2021,$214.56,540333,$215.00,$215.11,$213.08
06/23/2021,$213.32,602715,$213.36,$214.49,$212.03
06/22/2021,$213.95,1404437,$212.64,$214.7895,$211.01
06/21/2021,$211.31,746265,$208.53,$212.64,$207.30
06/18/2021,$207.03,1033652,$209.92,$210.5226,$206.71
06/17/2021,$210.88,967005,$209.48,$213.65,$209.365
06/16/2021,$209.70,806584,$211.34,$211.34,$208.14
06/15/2021,$210.94,413711,$212.00,$212.13,$210.32
06/14/2021,$211.40,403570,$211.23,$212.30,$209.44
06/11/2021,$212.31,469144,$213.71,$213.71,$210.22
06/10/2021,$212.58,417238,$209.40,$212.76,$209.38
06/09/2021,$209.12,513234,$210.19,$210.81,$208.85
06/08/2021,$210.41,709907,$209.27,$211.50,$207.81
06/07/2021,$207.69,590982,$210.06,$210.82,$207.15
06/04/2021,$209.95,550139,$210.74,$211.705,$208.825
06/03/2021,$209.85,1264060,$206.88,$210.58,$206.18
06/02/2021,$207.59,701126,$208.70,$210.66,$206.38
06/01/2021,$205.14,548075,$206.22,$206.55,$203.19
05/28/2021,$205.31,692182,$204.60,$206.04,$204.08
05/27/2021,$203.59,939762,$202.99,$205.03,$202.94
05/26/2021,$202.66,521944,$202.42,$204.19,$202.31
05/25/2021,$203.85,734045,$202.98,$205.47,$202.37
05/24/2021,$202.84,525887,$203.17,$204.42,$202.14
05/21/2021,$202.12,600141,$203.71,$204.545,$201.42
05/20/2021,$203.15,647981,$199.63,$204.00,$198.61
05/19/2021,$198.73,516174,$196.94,$199.025,$196.09
05/18/2021,$199.19,403363,$201.29,$201.73,$199.18
05/17/2021,$200.65,387647,$200.60,$202.35,$199.57
05/14/2021,$201.88,520455,$199.03,$202.94,$197.635
05/13/2021,$197.54,842171,$195.48,$198.39,$193.925
05/12/2021,$194.34,988406,$200.08,$200.635,$194.20
05/11/2021,$201.71,977036,$198.41,$202.05,$198.36
05/10/2021,$200.41,1063702,$199.94,$203.18,$199.21
05/07/2021,$199.07,1440963,$189.26,$199.40,$189.23
05/06/2021,$188.03,822523,$185.43,$188.45,$184.545
05/05/2021,$185.76,448232,$187.24,$187.55,$184.87
05/04/2021,$186.56,580432,$188.04,$188.81,$186.015
05/03/2021,$188.76,737123,$188.78,$189.03,$187.13
04/30/2021,$188.30,729375,$188.45,$189.16,$186.97
04/29/2021,$189.23,453522,$189.22,$190.05,$188.87
04/28/2021,$188.60,524908,$189.98,$190.9738,$188.13
04/27/2021,$189.75,645201,$189.38,$190.84,$188.77
04/26/2021,$190.20,528219,$189.94,$190.32,$188.19
04/23/2021,$189.98,540551,$188.89,$190.84,$187.28
04/22/2021,$187.43,513113,$185.92,$188.49,$185.025
04/21/2021,$186.48,681845,$185.80,$187.30,$185.23
04/20/2021,$185.27,593369,$186.07,$186.82,$184.66
04/19/2021,$187.66,572267,$189.11,$189.11,$187.16
04/16/2021,$188.60,601851,$189.50,$189.50,$187.83
04/15/2021,$188.17,580029,$187.45,$189.65,$186.98
04/14/2021,$187.35,693105,$188.81,$188.81,$185.81
04/13/2021,$188.49,698872,$187.18,$188.83,$185.70
04/12/2021,$187.79,771657,$189.58,$190.67,$187.10
04/09/2021,$191.06,604151,$190.81,$191.27,$189.455
04/08/2021,$190.46,598507,$190.23,$190.79,$188.47
04/07/2021,$189.93,617378,$189.36,$191.72,$188.50
04/06/2021,$188.70,634341,$189.80,$190.3947,$187.81
04/05/2021,$191.34,780457,$189.87,$192.84,$188.76
04/01/2021,$188.36,581944,$188.33,$189.46,$187.00
03/31/2021,$188.05,680858,$187.40,$189.465,$186.61
03/30/2021,$186.61,495720,$188.35,$188.945,$185.89
03/29/2021,$188.88,1577877,$188.03,$190.62,$186.57
03/26/2021,$189.60,613131,$185.13,$189.73,$184.51
03/25/2021,$184.09,656145,$181.65,$184.35,$180.85
03/24/2021,$181.04,541920,$183.21,$185.27,$180.94
03/23/2021,$183.88,907122,$185.95,$187.40,$182.71
03/22/2021,$185.71,1012980,$183.22,$186.67,$182.98
03/19/2021,$183.22,1306876,$181.79,$184.52,$180.08
03/18/2021,$181.41,588193,$179.25,$182.63,$178.815
03/17/2021,$181.34,812097,$183.00,$183.25,$180.728
03/16/2021,$182.48,483849,$181.47,$182.54,$179.79
03/15/2021,$181.85,517021,$179.84,$181.92,$178.315
03/12/2021,$179.11,499829,$178.60,$179.14,$176.43
03/11/2021,$178.53,532786,$178.32,$180.53,$177.72
03/10/2021,$177.76,825770,$178.72,$179.22,$176.00
03/09/2021,$177.03,697628,$179.61,$180.43,$176.76
03/08/2021,$179.21,565093,$178.73,$182.931,$178.01
03/05/2021,$178.87,671340,$177.09,$179.62,$175.20
03/04/2021,$174.91,939935,$178.84,$179.12,$173.79
03/03/2021,$178.33,581440,$179.54,$180.19,$177.52
03/02/2021,$179.84,947144,$182.12,$182.65,$179.79
03/01/2021,$182.45,778563,$176.73,$182.92,$176.36
02/26/2021,$175.48,958193,$181.00,$181.41,$175.48
02/25/2021,$180.52,594853,$181.00,$181.62,$179.52
02/24/2021,$181.08,644307,$178.55,$182.48,$178.55
02/23/2021,$178.55,577125,$181.26,$181.26,$177.21
02/22/2021,$180.55,759257,$181.49,$182.59,$180.45
02/19/2021,$182.75,579825,$183.80,$184.88,$182.58
02/18/2021,$182.96,589696,$181.24,$183.33,$180.53
02/17/2021,$181.79,454337,$182.44,$183.15,$181.05
02/16/2021,$183.35,689385,$182.05,$184.40,$180.49
02/12/2021,$181.07,721597,$181.76,$182.74,$180.05
02/11/2021,$181.79,689994,$183.97,$183.97,$181.03
02/10/2021,$183.32,653999,$184.00,$184.40,$182.52
02/09/2021,$183.12,701782,$182.85,$183.93,$181.3811
02/08/2021,$182.54,919493,$182.60,$183.90,$181.11
02/05/2021,$182.09,1023818,$182.39,$183.39,$177.3782
02/04/2021,$182.21,1096673,$179.95,$182.83,$179.02
02/03/2021,$179.42,646317,$178.95,$180.69,$177.12
02/02/2021,$178.78,888133,$175.36,$179.87,$174.71
02/01/2021,$174.60,872721,$168.67,$175.677,$168.67
01/29/2021,$167.55,995408,$170.95,$173.11,$167.07
01/28/2021,$169.83,861342,$171.65,$172.87,$169.68
01/27/2021,$171.54,642361,$171.16,$174.92,$170.23
01/26/2021,$172.54,460232,$173.67,$174.04,$170.37
01/25/2021,$173.72,502954,$174.70,$175.20,$172.67
01/22/2021,$173.71,452698,$172.07,$174.11,$170.825
01/21/2021,$172.29,680614,$172.72,$173.09,$170.47
01/20/2021,$172.92,610632,$171.70,$173.21,$170.52
01/19/2021,$171.77,1419284,$174.82,$174.82,$171.48
01/15/2021,$173.55,570341,$173.53,$174.31,$171.1101
01/14/2021,$173.47,596860,$173.74,$177.00,$171.97
01/13/2021,$174.09,448957,$173.41,$174.645,$172.505
01/12/2021,$174.24,936248,$173.63,$175.54,$172.93
01/11/2021,$173.69,627260,$173.17,$174.74,$172.75
01/08/2021,$174.55,830306,$171.30,$174.64,$171.30
01/07/2021,$171.08,746474,$170.91,$173.455,$170.64
01/06/2021,$170.68,914574,$166.56,$171.55,$165.70
01/05/2021,$166.61,779059,$167.88,$168.69,$165.73
01/04/2021,$167.50,991078,$170.64,$171.19,$165.60
12/31/2020,$170.06,485734,$166.68,$170.17,$166.51
12/30/2020,$166.98,561266,$167.51,$168.86,$166.89
12/29/2020,$166.94,461893,$170.54,$170.70,$166.38
12/28/2020,$169.41,615239,$169.92,$170.44,$167.83
12/24/2020,$168.47,239009,$169.00,$169.19,$167.37
12/23/2020,$168.61,632986,$168.05,$170.34,$167.915
12/22/2020,$167.45,718005,$165.06,$167.875,$164.783
12/21/2020,$165.22,954219,$167.53,$168.36,$163.16
12/18/2020,$170.26,1989545,$169.15,$171.025,$168.71
12/17/2020,$169.65,1322726,$167.63,$170.39,$166.86
12/16/2020,$166.92,1559294,$168.08,$168.84,$164.77
12/15/2020,$168.03,1605289,$167.02,$168.8739,$166.30
12/14/2020,$165.92,1903524,$168.70,$169.81,$165.77
12/11/2020,$168.40,2205804,$170.54,$171.31,$166.9277
12/10/2020,$171.86,846494,$173.06,$174.29,$170.65
12/09/2020,$172.90,566654,$173.44,$175.20,$172.09
12/08/2020,$172.48,1262478,$169.32,$172.86,$168.34
12/07/2020,$170.46,457530,$170.45,$171.96,$169.92
12/04/2020,$170.40,810342,$171.59,$172.44,$169.50
12/03/2020,$171.12,776128,$170.83,$172.55,$168.6012
12/02/2020,$171.06,721684,$170.63,$171.745,$169.02
12/01/2020,$170.50,1202126,$172.78,$173.435,$169.78
11/30/2020,$171.53,1513731,$172.60,$174.63,$170.27
11/27/2020,$173.46,287616,$173.63,$174.73,$172.38
11/25/2020,$172.13,1198301,$172.00,$175.41,$171.33
11/24/2020,$171.87,861798,$170.96,$172.575,$170.47
11/23/2020,$169.38,659741,$168.09,$169.805,$166.18
11/20/2020,$167.30,1254899,$169.35,$170.58,$166.00
11/19/2020,$169.16,400779,$166.61,$169.28,$165.39
11/18/2020,$167.45,542824,$169.95,$170.19,$167.28
11/17/2020,$169.57,769922,$172.08,$172.93,$169.43
11/16/2020,$173.90,575661,$172.36,$173.92,$171.25
11/13/2020,$170.50,493109,$169.32,$172.42,$168.70
11/12/2020,$167.53,411083,$168.58,$169.73,$166.50
11/11/2020,$169.73,533626,$169.04,$170.00,$167.24
11/10/2020,$166.80,979853,$170.07,$170.66,$165.96
11/09/2020,$170.26,1275373,$171.94,$175.71,$169.915
11/06/2020,$164.48,992465,$162.27,$165.79,$161.20
11/05/2020,$160.85,1098239,$163.13,$165.57,$160.52
11/04/2020,$160.33,1408216,$166.23,$166.38,$160.185
11/03/2020,$166.00,968139,$165.66,$169.28,$165.41
11/02/2020,$163.47,1089812,$160.00,$164.77,$159.88
10/30/2020,$158.06,1093292,$160.50,$161.82,$156.30
10/29/2020,$162.89,1145696,$163.90,$165.39,$160.89
10/28/2020,$164.49,1116934,$169.14,$170.415,$164.35
10/27/2020,$172.36,854566,$172.04,$175.24,$171.92
10/26/2020,$172.30,845351,$172.48,$173.03,$169.42
10/23/2020,$174.78,1030272,$173.18,$176.92,$171.71
10/22/2020,$169.06,729432,$170.88,$171.48,$168.845
10/21/2020,$170.49,529990,$170.44,$171.81,$169.45
10/20/2020,$168.90,893574,$170.15,$171.60,$168.79
10/19/2020,$170.16,728450,$171.45,$173.355,$169.71
10/16/2020,$170.91,1126395,$171.42,$172.82,$169.79
10/15/2020,$171.59,1811157,$165.90,$174.94,$165.885
10/14/2020,$166.92,436282,$167.39,$168.71,$166.26
10/13/2020,$166.24,954269,$167.86,$169.68,$165.57
10/12/2020,$168.33,653204,$167.53,$168.84,$166.01
10/09/2020,$166.78,1274670,$164.39,$167.17,$164.00
10/08/2020,$162.77,682923,$161.68,$163.71,$161.68
10/07/2020,$160.31,833151,$158.46,$160.505,$157.54
10/06/2020,$156.96,772306,$158.27,$159.24,$156.61
10/05/2020,$157.51,721397,$158.00,$158.65,$156.59
10/02/2020,$156.91,592751,$153.70,$157.58,$153.70
10/01/2020,$156.79,715497,$158.00,$158.85,$155.34
09/30/2020,$156.81,813833,$157.71,$158.04,$156.075
09/29/2020,$157.65,696979,$157.28,$158.96,$157.265
09/28/2020,$156.63,1163312,$155.86,$158.39,$155.245
09/25/2020,$154.00,623996,$150.67,$154.58,$150.15
09/24/2020,$151.69,1041416,$151.65,$152.87,$149.81
09/23/2020,$152.20,1065824,$157.14,$157.885,$152.11
09/22/2020,$157.27,893080,$153.17,$157.385,$152.39
09/21/2020,$152.57,1382785,$155.04,$155.04,$151.33
09/18/2020,$157.31,1483009,$157.02,$158.31,$155.73
09/17/2020,$158.18,1382529,$154.64,$158.45,$153.54
09/16/2020,$157.09,896580,$157.70,$158.99,$157.03
09/15/2020,$156.80,557560,$156.81,$157.77,$156.40
09/14/2020,$156.00,1574867,$153.82,$157.08,$153.82
09/11/2020,$153.86,1232948,$152.03,$154.30,$151.595
09/10/2020,$150.34,941334,$153.46,$154.98,$150.05
09/09/2020,$153.57,685489,$154.08,$155.37,$152.73
09/08/2020,$152.49,1080207,$151.15,$154.00,$150.3169
09/04/2020,$153.04,1361567,$154.04,$155.46,$151.24
09/03/2020,$153.52,1015510,$156.51,$157.22,$152.10
09/02/2020,$157.09,902778,$154.00,$157.965,$153.53
09/01/2020,$153.77,964215,$154.28,$154.29,$152.67
08/31/2020,$154.75,1411664,$153.04,$155.25,$152.33
08/28/2020,$153.58,759539,$151.69,$153.94,$151.55
08/27/2020,$151.81,1418650,$154.26,$154.35,$151.35
08/26/2020,$153.33,835453,$155.30,$155.30,$152.66
08/25/2020,$154.78,654288,$154.44,$155.31,$153.9152
08/24/2020,$153.97,905837,$151.48,$153.99,$151.48
08/21/2020,$151.92,794185,$151.15,$152.04,$150.30
08/20/2020,$151.61,1069761,$148.68,$151.72,$148.44
08/19/2020,$150.46,1288415,$150.00,$151.49,$149.53
08/18/2020,$149.80,1377637,$147.58,$149.98,$147.08
08/17/2020,$147.36,981865,$145.77,$147.40,$145.77
08/14/2020,$145.37,704540,$144.89,$145.60,$143.83
08/13/2020,$145.96,716133,$143.80,$146.50,$142.75
08/12/2020,$145.01,948006,$142.47,$146.34,$142.40
08/11/2020,$142.87,1458917,$142.16,$143.52,$140.21
08/10/2020,$142.22,1472131,$144.00,$144.50,$140.90
08/07/2020,$144.26,2828877,$147.71,$151.99,$141.9513
08/06/2020,$144.03,1994096,$137.89,$144.05,$137.89
08/05/2020,$138.33,1379918,$138.35,$139.53,$137.44
08/04/2020,$137.57,1211227,$138.36,$139.985,$136.77
08/03/2020,$137.54,906001,$140.65,$141.25,$137.46
07/31/2020,$139.80,703251,$139.70,$139.91,$137.10
07/30/2020,$139.19,541189,$137.41,$139.35,$135.90
07/29/2020,$140.04,838295,$138.01,$140.55,$137.80
07/28/2020,$136.80,1517110,$140.68,$141.55,$135.78
07/27/2020,$141.96,1077065,$141.81,$143.53,$141.49
07/24/2020,$141.73,1369992,$144.14,$144.23,$140.80
07/23/2020,$144.22,1640537,$141.37,$145.845,$141.35
07/22/2020,$141.20,1144634,$137.70,$141.97,$137.26
07/21/2020,$138.00,1072650,$136.33,$138.47,$136.21
07/20/2020,$135.65,1771728,$137.19,$137.96,$134.72
07/17/2020,$137.68,1217197,$135.83,$138.47,$135.24
07/16/2020,$134.71,1221402,$133.70,$134.87,$133.12
07/15/2020,$134.56,910132,$133.98,$136.47,$133.9728
07/14/2020,$132.97,1172838,$130.43,$133.19,$129.50
07/13/2020,$131.06,2373816,$129.66,$132.44,$129.04
07/10/2020,$128.42,1921344,$129.86,$130.41,$127.5838
07/09/2020,$130.93,1270064,$131.84,$132.74,$128.4316
07/08/2020,$132.13,1498799,$131.06,$133.09,$130.70
07/07/2020,$131.08,1869618,$134.48,$134.77,$131.01
07/06/2020,$136.01,1506706,$136.57,$137.21,$135.72
07/02/2020,$135.09,1444636,$137.66,$139.10,$134.82
07/01/2020,$135.97,1779788,$139.49,$139.74,$135.65
06/30/2020,$140.13,1219361,$138.40,$140.92,$138.40
06/29/2020,$138.14,819168,$139.56,$139.56,$137.10
06/26/2020,$138.78,3932879,$140.51,$140.93,$136.27
06/25/2020,$140.49,1508710,$138.12,$140.65,$136.37
06/24/2020,$139.30,1431394,$140.29,$141.03,$137.28
06/23/2020,$141.03,1175817,$142.34,$142.745,$140.94
06/22/2020,$141.13,1767423,$138.87,$141.29,$137.63
06/19/2020,$138.88,2973070,$142.20,$142.85,$138.48
06/18/2020,$141.37,1072938,$138.89,$142.12,$138.89
06/17/2020,$140.06,1042310,$141.81,$143.52,$138.57
06/16/2020,$141.92,1820850,$142.61,$144.555,$140.75
06/15/2020,$137.56,1830280,$137.27,$138.95,$135.3884
06/12/2020,$140.60,2442012,$141.08,$142.86,$137.99
06/11/2020,$136.08,2484292,$143.89,$144.365,$136.06
06/10/2020,$148.23,2985175,$151.59,$152.05,$147.45
06/09/2020,$151.77,1223108,$157.01,$157.186,$151.40
06/08/2020,$158.32,1894696,$156.00,$159.76,$155.43
06/05/2020,$155.90,1292686,$151.82,$156.06,$151.315
06/04/2020,$149.23,2194132,$146.65,$149.365,$146.30
06/03/2020,$147.87,2766603,$141.18,$148.17,$140.32
06/02/2020,$139.66,1422460,$139.22,$139.95,$137.81
06/01/2020,$138.94,1260521,$136.20,$139.9032,$135.43
05/29/2020,$135.33,2404142,$136.29,$136.71,$132.80
05/28/2020,$135.87,1334333,$135.52,$138.49,$134.51
05/27/2020,$134.02,1890682,$138.21,$138.21,$133.24
05/26/2020,$137.39,1730225,$137.83,$139.64,$137.08
05/22/2020,$134.19,1021419,$137.03,$137.2899,$134.09
05/21/2020,$137.19,1199406,$138.88,$139.93,$136.97
05/20/2020,$138.59,1587715,$137.36,$139.46,$135.74
05/19/2020,$137.03,1649757,$136.94,$138.98,$135.85
05/18/2020,$135.52,1684940,$131.98,$135.88,$131.905
05/15/2020,$129.07,1172160,$126.37,$129.15,$125.34
05/14/2020,$127.32,1589706,$127.00,$127.69,$124.36
05/13/2020,$128.37,2539390,$131.14,$132.44,$126.71
05/12/2020,$131.23,1974012,$131.49,$133.31,$130.21
05/11/2020,$130.14,2387977,$130.05,$133.13,$128.86
05/08/2020,$131.27,5281805,$130.49,$135.62,$124.60
05/07/2020,$136.21,2502720,$137.13,$138.00,$135.50
05/06/2020,$135.30,1620060,$141.79,$142.0043,$135.28
05/05/2020,$140.82,1013333,$141.91,$143.47,$140.655
05/04/2020,$141.16,1801248,$138.73,$141.22,$137.01
05/01/2020,$138.83,1202544,$141.50,$143.14,$138.46
04/30/2020,$143.81,1259141,$148.36,$148.38,$143.56
04/29/2020,$148.92,1685358,$147.00,$150.03,$145.00
04/28/2020,$145.43,2203299,$155.77,$156.23,$145.22
04/27/2020,$154.44,558068,$153.78,$155.96,$152.82
04/24/2020,$152.80,1395811,$154.59,$154.75,$151.59
04/23/2020,$153.61,1204677,$153.11,$154.74,$151.1108
04/22/2020,$151.59,957710,$148.29,$153.00,$146.39
04/21/2020,$144.68,1410643,$152.21,$153.10,$144.35
04/20/2020,$155.38,747079,$156.11,$159.145,$155.0151
04/17/2020,$157.77,941669,$155.72,$157.95,$154.695
04/16/2020,$152.75,767288,$148.87,$153.20,$148.19
04/15/2020,$148.62,866962,$149.71,$150.64,$147.86
04/14/2020,$152.79,821337,$149.28,$153.21,$149.04
04/13/2020,$146.24,822191,$150.30,$152.66,$145.1101
04/09/2020,$152.89,1236711,$149.24,$153.47,$147.591
04/08/2020,$147.77,1049954,$144.10,$149.52,$143.44
04/07/2020,$142.44,1483465,$144.97,$148.31,$142.25
04/06/2020,$140.90,1769409,$132.10,$141.88,$131.55
04/03/2020,$126.62,1344722,$129.75,$131.587,$125.97
04/02/2020,$130.40,1239050,$125.60,$130.96,$124.74
04/01/2020,$126.09,2292398,$128.22,$129.36,$123.56
03/31/2020,$132.92,2817350,$133.05,$134.93,$130.39
03/30/2020,$133.37,2067268,$135.94,$136.68,$130.19
03/27/2020,$135.07,1783013,$144.91,$145.79,$133.58
03/26/2020,$148.99,1618693,$135.42,$149.69,$134.48
03/25/2020,$133.66,2293852,$130.47,$135.68,$129.51
03/24/2020,$130.81,1993783,$129.11,$136.60,$127.44
03/23/2020,$124.56,2023106,$135.82,$136.445,$120.77
03/20/2020,$136.61,2639598,$148.65,$150.08,$132.79
03/19/2020,$149.72,1629054,$147.94,$154.81,$145.95
03/18/2020,$148.20,1413543,$142.82,$148.985,$136.29
03/17/2020,$149.33,1939597,$148.39,$157.08,$144.1801
03/16/2020,$145.24,2416335,$138.58,$150.10,$138.47
03/13/2020,$154.95,2110975,$149.71,$154.99,$144.23
03/12/2020,$141.37,2452220,$150.49,$152.87,$136.01
03/11/2020,$161.21,1270184,$166.72,$167.3775,$159.42
03/10/2020,$170.73,1825012,$169.72,$170.775,$162.92
03/09/2020,$165.69,2003898,$165.28,$170.79,$162.0301
03/06/2020,$175.92,1640645,$175.94,$176.96,$172.4024
03/05/2020,$180.45,1288676,$178.65,$181.2796,$178.02
03/04/2020,$182.41,1120543,$177.28,$182.43,$176.67
03/03/2020,$174.99,1466218,$174.28,$178.60,$171.63
03/02/2020,$173.49,1510221,$166.81,$173.55,$166.17
02/28/2020,$165.68,2873698,$164.89,$166.51,$159.76
02/27/2020,$168.81,1305246,$175.44,$176.73,$168.75
02/26/2020,$177.75,811614,$178.87,$180.53,$176.45
02/25/2020,$178.11,1042740,$182.34,$183.49,$178.08
02/24/2020,$181.80,830278,$181.87,$185.16,$180.81
02/21/2020,$185.27,965317,$185.11,$185.82,$183.75
02/20/2020,$185.60,902764,$186.02,$187.49,$183.03
02/19/2020,$186.12,786944,$185.32,$186.98,$184.85
02/18/2020,$184.87,746502,$184.30,$185.57,$183.66
02/14/2020,$184.41,882266,$183.62,$184.47,$182.61
02/13/2020,$184.12,666656,$184.00,$185.34,$183.292
02/12/2020,$184.67,1176396,$183.95,$185.09,$181.45
02/11/2020,$184.46,1111431,$185.84,$186.97,$184.37
02/10/2020,$184.07,1107265,$179.01,$184.43,$179.01
02/07/2020,$179.46,1473230,$180.15,$185.90,$178.86
02/06/2020,$178.93,1087690,$176.84,$180.129,$176.0661
02/05/2020,$176.69,1216866,$178.85,$179.49,$176.50
02/04/2020,$178.32,810472,$177.14,$179.54,$176.73
02/03/2020,$176.03,718004,$177.66,$178.20,$175.95
01/31/2020,$177.00,828808,$179.23,$179.50,$176.58
01/30/2020,$180.07,592127,$177.44,$180.23,$177.44
01/29/2020,$179.42,447418,$179.46,$180.2118,$178.77
01/28/2020,$179.07,809754,$178.69,$180.30,$178.06
01/27/2020,$178.00,695364,$176.93,$178.3441,$176.01
01/24/2020,$179.66,669091,$177.91,$179.76,$177.535
01/23/2020,$177.04,685538,$178.20,$178.40,$176.30
01/22/2020,$177.74,717945,$178.11,$178.45,$177.10
01/21/2020,$176.94,1384265,$175.24,$177.56,$174.61
01/17/2020,$176.12,1231479,$173.93,$176.53,$172.01
01/16/2020,$172.86,918112,$171.61,$173.1225,$170.36
01/15/2020,$170.55,909477,$168.42,$171.87,$168.29
01/14/2020,$168.34,1020300,$170.40,$170.89,$167.83
01/13/2020,$170.87,1308993,$167.93,$171.33,$167.13
01/10/2020,$167.30,675427,$168.83,$168.83,$166.73
01/09/2020,$168.69,1281723,$166.68,$169.75,$166.68
01/08/2020,$165.89,1386757,$165.90,$166.90,$165.04
01/07/2020,$165.72,1131130,$165.88,$166.45,$165.00
01/06/2020,$166.92,1544659,$163.93,$167.03,$163.11
01/03/2020,$164.38,962425,$160.03,$164.58,$159.371
01/02/2020,$161.63,1356911,$162.17,$162.31,$160.77
12/31/2019,$161.14,897210,$160.89,$161.34,$160.01
12/30/2019,$160.96,817475,$161.19,$161.31,$160.01
12/27/2019,$161.45,570780,$161.59,$161.84,$160.79
12/26/2019,$161.38,578026,$161.87,$162.60,$160.95
12/24/2019,$161.68,264206,$162.05,$162.37,$161.50
12/23/2019,$162.20,1389202,$162.44,$162.80,$161.50
12/20/2019,$161.01,3442981,$162.19,$162.71,$160.32
12/19/2019,$161.11,2527982,$159.35,$161.925,$158.7719
12/18/2019,$159.39,1665086,$161.74,$162.37,$158.96
12/17/2019,$160.98,1530855,$162.04,$164.40,$160.85
12/16/2019,$161.40,1413395,$161.88,$162.96,$160.82
12/13/2019,$160.50,1542296,$161.10,$162.60,$159.83
12/12/2019,$161.97,1885003,$161.51,$162.97,$160.91
12/11/2019,$161.78,2194670,$161.50,$162.35,$161.2304
12/10/2019,$160.92,1688712,$161.45,$162.0399,$160.41
12/09/2019,$161.50,1153513,$161.28,$162.68,$160.27
12/06/2019,$160.71,1497349,$160.55,$161.75,$159.77
12/05/2019,$160.44,1697133,$164.67,$164.98,$160.36
12/04/2019,$165.14,1002656,$165.55,$166.51,$164.84
12/03/2019,$164.86,1006505,$164.27,$165.90,$162.94
12/02/2019,$165.04,877246,$166.79,$167.10,$162.33
11/29/2019,$167.30,434594,$166.62,$167.94,$166.26
11/27/2019,$167.40,778335,$166.86,$167.865,$166.00
11/26/2019,$166.36,2953430,$165.93,$167.98,$164.80
11/25/2019,$165.72,783320,$166.56,$166.99,$164.45
11/22/2019,$165.85,706529,$165.29,$166.37,$164.48
11/21/2019,$165.06,970648,$165.73,$166.69,$164.33
11/20/2019,$166.36,1043557,$166.07,$168.24,$164.646
11/19/2019,$166.00,928053,$163.99,$166.55,$163.255
11/18/2019,$162.96,923799,$162.08,$163.44,$161.4675
11/15/2019,$162.08,913745,$162.18,$162.37,$160.44
11/14/2019,$161.74,658747,$160.70,$163.10,$160.18
11/13/2019,$161.60,1135713,$160.60,$164.08,$160.60
11/12/2019,$161.12,1248380,$160.99,$161.34,$159.51
11/11/2019,$161.15,1190182,$162.34,$163.41,$160.15
11/08/2019,$164.96,1190736,$161.98,$165.07,$161.64
11/07/2019,$162.20,1574159,$159.66,$163.895,$159.20
11/06/2019,$158.60,1289656,$157.09,$159.17,$156.30
11/05/2019,$157.09,3021034,$159.75,$160.43,$154.02
11/04/2019,$160.59,1455860,$168.26,$168.45,$160.29
11/01/2019,$167.56,962138,$167.04,$168.485,$166.36
10/31/2019,$166.32,2670657,$166.00,$167.805,$158.31
10/30/2019,$165.36,1090374,$164.85,$165.83,$164.01
10/29/2019,$164.75,852728,$162.00,$164.79,$161.995
10/28/2019,$162.82,1056423,$164.77,$164.77,$161.97
10/25/2019,$163.41,937819,$163.39,$164.73,$162.00
10/24/2019,$163.25,2846941,$166.21,$167.20,$157.72
10/23/2019,$169.09,1095268,$169.24,$169.53,$168.02
10/22/2019,$169.08,899239,$176.01,$176.425,$168.94
10/21/2019,$176.01,816505,$175.64,$176.27,$174.235
10/18/2019,$175.05,818038,$176.37,$176.5299,$173.39
10/17/2019,$175.72,1150718,$173.55,$176.95,$172.6049
10/16/2019,$172.76,1159165,$170.49,$172.80,$169.05
10/15/2019,$169.71,680332,$167.64,$170.61,$167.54
10/14/2019,$167.34,1064249,$167.52,$169.12,$167.33
10/11/2019,$167.53,1292098,$172.05,$172.39,$167.53
10/10/2019,$170.01,709442,$170.39,$170.75,$168.73
10/09/2019,$171.10,964013,$171.48,$172.45,$170.21
10/08/2019,$170.75,1890367,$168.84,$173.24,$167.52
10/07/2019,$167.79,807033,$168.00,$168.43,$166.72
10/04/2019,$168.21,954457,$165.37,$168.28,$164.47
10/03/2019,$164.68,1114793,$163.76,$165.0199,$162.27
10/02/2019,$164.43,1665103,$164.75,$164.75,$162.435
10/01/2019,$165.44,1350576,$170.43,$170.83,$165.23
09/30/2019,$170.41,937029,$170.14,$171.29,$169.72
09/27/2019,$170.19,619240,$172.72,$172.72,$169.53
09/26/2019,$172.37,767013,$171.50,$172.75,$170.96
09/25/2019,$171.62,730317,$169.03,$172.02,$168.01
09/24/2019,$169.23,1223433,$169.86,$172.67,$168.85
09/23/2019,$168.47,1213241,$166.26,$169.4325,$166.26
09/20/2019,$166.21,1401999,$167.84,$169.18,$166.20
09/19/2019,$167.42,761015,$168.62,$169.56,$167.05
09/18/2019,$168.47,960514,$168.95,$169.4225,$166.70
09/17/2019,$168.84,1305096,$166.56,$169.1893,$166.465
09/16/2019,$166.03,1167663,$166.22,$167.09,$165.65
09/13/2019,$167.04,1092938,$165.94,$168.345,$165.55
09/12/2019,$166.14,1950176,$165.96,$167.29,$164.47
09/11/2019,$165.31,1486430,$164.42,$166.32,$164.26
09/10/2019,$164.43,2085698,$170.62,$170.62,$163.10
09/09/2019,$171.67,1080093,$175.15,$175.3148,$171.32
09/06/2019,$174.80,2589897,$174.28,$175.73,$173.4817
09/05/2019,$173.57,3141484,$176.49,$176.73,$172.145
09/04/2019,$178.92,722561,$179.73,$180.06,$178.09
09/03/2019,$178.60,848575,$180.01,$180.66,$178.15
08/30/2019,$180.91,692244,$182.23,$182.28,$180.03
08/29/2019,$181.16,560229,$179.79,$181.8251,$179.5201
08/28/2019,$178.24,656592,$177.75,$178.31,$176.28
08/27/2019,$178.51,1096055,$178.59,$179.695,$177.20
08/26/2019,$178.35,723477,$176.38,$178.40,$176.38
08/23/2019,$175.27,886610,$178.00,$178.97,$174.755
08/22/2019,$178.73,856315,$179.20,$179.54,$177.93
08/21/2019,$179.20,769344,$177.25,$179.24,$176.60
08/20/2019,$175.39,440252,$176.53,$177.21,$175.02
08/19/2019,$176.87,640600,$175.31,$177.50,$174.19
08/16/2019,$173.32,937277,$173.00,$174.74,$172.33
08/15/2019,$172.06,672774,$171.26,$173.225,$170.17
08/14/2019,$171.03,1140766,$173.77,$174.91,$170.94
08/13/2019,$176.05,822086,$175.30,$177.27,$175.21
08/12/2019,$175.54,975514,$175.47,$176.81,$174.15
08/09/2019,$176.30,703497,$178.67,$178.725,$175.78
08/08/2019,$179.06,950928,$175.29,$179.14,$175.00
08/07/2019,$174.00,1186344,$170.79,$174.37,$169.47
08/06/2019,$171.58,900088,$169.27,$172.18,$169.27
08/05/2019,$168.73,1459079,$167.51,$169.05,$166.12
08/02/2019,$170.08,1732395,$163.47,$172.29,$160.81
08/01/2019,$164.76,1506609,$165.99,$167.92,$164.38
07/31/2019,$165.96,1036237,$166.30,$167.80,$165.08
07/30/2019,$166.00,1013612,$168.17,$169.36,$165.97
07/29/2019,$168.77,790942,$170.80,$170.80,$168.28
07/26/2019,$170.10,542712,$169.60,$170.335,$168.79
07/25/2019,$168.93,641980,$167.65,$169.325,$166.85
07/24/2019,$167.59,1000300,$170.57,$170.57,$167.43
07/23/2019,$170.80,485141,$170.70,$170.84,$168.50
07/22/2019,$169.98,452889,$169.52,$171.065,$169.11
07/19/2019,$168.91,733679,$172.65,$172.65,$168.81
07/18/2019,$171.52,590460,$170.39,$171.58,$169.50
07/17/2019,$170.16,519358,$170.00,$171.09,$169.1542
07/16/2019,$171.53,624940,$173.13,$173.44,$171.02
07/15/2019,$172.80,655089,$172.28,$173.19,$171.54
07/12/2019,$172.28,510003,$171.36,$172.35,$170.80
07/11/2019,$171.07,765581,$170.99,$171.08,$168.75
07/10/2019,$170.73,885766,$171.00,$172.315,$170.27
07/09/2019,$170.35,926189,$168.93,$170.505,$167.68
07/08/2019,$169.06,580517,$169.60,$169.80,$168.31
07/05/2019,$170.65,599663,$170.18,$170.68,$168.25
07/03/2019,$170.37,425798,$168.17,$170.63,$168.17
07/02/2019,$168.31,1227131,$166.89,$168.96,$166.14
07/01/2019,$166.89,960726,$168.01,$168.80,$164.46
06/28/2019,$166.73,2931190,$164.99,$166.95,$163.43
06/27/2019,$164.60,706790,$165.39,$165.99,$163.59
06/26/2019,$164.88,1071834,$165.25,$166.97,$164.74
06/25/2019,$164.19,957989,$165.89,$166.81,$164.0711
06/24/2019,$165.61,765118,$165.39,$167.37,$164.33
06/21/2019,$165.09,1615400,$167.16,$167.48,$165.00
06/20/2019,$166.86,1332674,$168.27,$169.30,$165.63
06/19/2019,$166.54,1052252,$165.25,$166.85,$164.025
06/18/2019,$165.09,1186617,$164.16,$166.04,$163.56
06/17/2019,$163.84,1164019,$161.07,$163.99,$160.54
06/14/2019,$160.35,900942,$160.00,$161.05,$158.77
06/13/2019,$159.95,763962,$161.98,$162.46,$159.20
06/12/2019,$161.31,911862,$160.92,$161.53,$160.00
06/11/2019,$160.56,830916,$162.22,$162.84,$160.05
06/10/2019,$161.51,1019540,$163.59,$164.27,$161.18
06/07/2019,$163.58,637155,$161.60,$163.78,$160.98
06/06/2019,$160.98,863883,$160.65,$161.35,$158.92
06/05/2019,$160.63,1447769,$157.92,$161.31,$157.71
06/04/2019,$156.94,1536556,$152.85,$157.06,$152.75
06/03/2019,$152.09,1351363,$150.03,$152.17,$149.9127
05/31/2019,$149.95,808506,$149.79,$150.70,$148.55
05/30/2019,$151.29,867262,$149.41,$151.97,$149.41
05/29/2019,$149.27,659780,$149.78,$150.80,$148.57
05/28/2019,$150.41,1271620,$150.86,$152.23,$149.19
05/24/2019,$150.63,736313,$151.32,$151.655,$149.27
05/23/2019,$150.48,1807941,$151.38,$153.59,$150.06
05/22/2019,$152.63,1310826,$148.03,$152.99,$148.03
05/21/2019,$148.73,989555,$147.61,$149.65,$147.61
05/20/2019,$146.90,1098231,$146.44,$147.11,$145.19
05/17/2019,$146.95,1623188,$146.97,$148.41,$146.64
05/16/2019,$148.39,847933,$145.87,$148.9789,$145.60
05/15/2019,$145.18,795914,$143.83,$145.29,$143.08
05/14/2019,$144.63,1045251,$143.75,$145.20,$143.47
05/13/2019,$143.23,1199502,$145.23,$145.69,$142.57
05/10/2019,$148.43,1468497,$144.52,$148.50,$144.44
05/09/2019,$145.23,1375587,$141.94,$145.36,$141.205
05/08/2019,$143.05,809553,$141.73,$143.98,$141.20
05/07/2019,$141.75,1026086,$140.84,$141.99,$140.54
05/06/2019,$142.28,1011663,$141.37,$142.66,$139.21
05/03/2019,$143.62,1563989,$143.21,$148.43,$140.65
05/02/2019,$142.35,1018041,$142.54,$143.28,$141.17
05/01/2019,$142.73,1056373,$144.96,$145.21,$142.71
04/30/2019,$144.91,656950,$145.48,$145.48,$143.48
04/29/2019,$145.26,698745,$145.90,$146.07,$144.72
04/26/2019,$146.26,696419,$145.69,$146.73,$144.74
04/25/2019,$145.54,835525,$146.31,$146.31,$143.72
04/24/2019,$146.99,1106449,$145.71,$147.59,$145.71
04/23/2019,$146.07,888416,$144.24,$146.41,$143.90
04/22/2019,$144.12,651124,$143.11,$144.62,$142.51
04/18/2019,$143.36,601281,$144.14,$144.79,$143.23
04/17/2019,$143.62,511372,$145.00,$145.76,$143.45
04/16/2019,$144.81,714321,$143.83,$144.91,$143.42
04/15/2019,$143.57,461945,$143.03,$143.70,$142.435
04/12/2019,$143.23,732410,$143.47,$143.67,$142.18
04/11/2019,$143.05,904996,$143.22,$143.52,$142.14
04/10/2019,$142.70,643802,$141.00,$142.75,$140.90
04/09/2019,$140.78,721175,$140.53,$141.50,$139.71
04/08/2019,$140.63,578566,$140.65,$140.91,$139.49
04/05/2019,$140.66,1018664,$141.33,$141.45,$140.29
04/04/2019,$140.68,442572,$142.69,$142.75,$139.74
04/03/2019,$142.29,951692,$142.43,$143.61,$141.64
04/02/2019,$141.67,650161,$141.90,$142.345,$140.76
04/01/2019,$141.32,684127,$141.51,$142.46,$140.19
03/29/2019,$140.42,897648,$139.85,$140.61,$139.35
03/28/2019,$139.19,855663,$139.47,$140.50,$138.67
03/27/2019,$139.37,876176,$140.40,$141.45,$138.71
03/26/2019,$140.40,1088569,$139.87,$140.49,$139.00
03/25/2019,$138.64,732803,$138.64,$138.97,$137.21
03/22/2019,$138.64,685053,$140.01,$140.78,$138.1886
03/21/2019,$140.64,708197,$138.96,$141.25,$138.815
03/20/2019,$138.70,811116,$140.35,$140.80,$138.505
03/19/2019,$140.46,656725,$141.22,$141.22,$139.97
03/18/2019,$140.50,721419,$140.56,$141.15,$139.32
03/15/2019,$140.64,1092726,$139.99,$141.62,$139.84
03/14/2019,$140.09,1305756,$141.00,$141.00,$139.565
03/13/2019,$141.01,808806,$140.86,$141.85,$139.93
03/12/2019,$140.20,919815,$141.77,$142.26,$140.04
03/11/2019,$141.45,1013672,$138.24,$141.98,$138.24
03/08/2019,$138.85,707995,$137.91,$138.94,$135.97
03/07/2019,$139.49,886839,$140.52,$140.64,$138.6934
03/06/2019,$140.28,690670,$141.62,$141.78,$139.835
03/05/2019,$141.60,805349,$141.98,$142.43,$141.0516
03/04/2019,$142.00,1087747,$144.84,$144.94,$141.04
03/01/2019,$143.61,677415,$143.74,$144.57,$143.03
02/28/2019,$143.12,1444114,$143.19,$144.31,$142.72
02/27/2019,$142.99,757051,$141.38,$143.02,$141.38
02/26/2019,$141.64,1130122,$141.17,$142.18,$141.17
02/25/2019,$141.21,742426,$140.55,$141.47,$140.05
02/22/2019,$139.98,942656,$138.89,$140.06,$138.59
02/21/2019,$138.39,981294,$139.38,$139.65,$138.11
02/20/2019,$139.21,1067872,$139.17,$139.91,$138.53
02/19/2019,$138.91,773942,$137.96,$139.49,$137.94
02/15/2019,$138.63,1076169,$138.34,$138.92,$137.54
02/14/2019,$137.19,956314,$137.64,$137.98,$136.49
02/13/2019,$137.64,1176481,$137.45,$137.92,$136.37
02/12/2019,$137.22,1823425,$134.29,$138.32,$134.29
02/11/2019,$134.18,1903121,$135.38,$136.54,$134.04
02/08/2019,$135.37,4429306,$129.94,$136.78,$128.80
02/07/2019,$118.62,1031379,$119.79,$119.81,$117.79
02/06/2019,$120.43,906450,$119.37,$120.67,$119.26
02/05/2019,$119.38,942858,$120.08,$120.34,$118.86
02/04/2019,$120.05,1598007,$118.25,$120.25,$117.87
02/01/2019,$118.37,1181120,$117.41,$119.19,$116.86
01/31/2019,$116.91,980959,$116.64,$117.67,$116.45
01/30/2019,$116.81,930436,$115.57,$117.1839,$115.54
01/29/2019,$115.72,855704,$115.17,$116.12,$114.54
01/28/2019,$115.23,595483,$114.85,$115.27,$113.70
01/25/2019,$116.18,744204,$115.84,$116.81,$115.50
01/24/2019,$114.79,711791,$114.77,$115.165,$113.73
01/23/2019,$114.46,742780,$115.22,$115.60,$113.91
01/22/2019,$114.47,1167622,$115.23,$115.86,$113.92
01/18/2019,$115.60,1239848,$114.24,$116.18,$114.10
01/17/2019,$113.75,1137106,$114.63,$115.81,$113.25
01/16/2019,$114.55,1248570,$115.73,$116.90,$114.50
01/15/2019,$115.77,1189698,$115.06,$116.15,$114.44
01/14/2019,$115.12,1178278,$115.53,$116.37,$114.92
01/11/2019,$116.00,1122096,$116.90,$117.76,$115.92
01/10/2019,$117.56,1041892,$115.30,$117.66,$114.96
01/09/2019,$116.16,1473135,$119.35,$120.07,$116.12
01/08/2019,$119.51,1426365,$116.90,$119.51,$116.27
01/07/2019,$116.10,1162162,$115.50,$116.81,$114.66
01/04/2019,$115.56,920463,$112.46,$116.77,$112.06
01/03/2019,$110.76,929402,$113.63,$114.395,$110.61
01/02/2019,$114.78,1078609,$113.90,$115.88,$113.625
12/31/2018,$115.04,1051558,$113.03,$115.04,$112.63
12/28/2018,$112.25,654109,$112.51,$113.67,$111.18
12/27/2018,$112.41,799949,$110.67,$112.43,$108.43
12/26/2018,$112.17,1229107,$109.51,$112.31,$108.25
12/24/2018,$108.97,788484,$110.93,$112.34,$108.97
12/21/2018,$111.73,2606412,$115.50,$118.52,$111.72
12/20/2018,$115.50,1198201,$118.73,$119.62,$113.77
12/19/2018,$119.05,1022195,$121.79,$122.92,$118.60
12/18/2018,$121.89,1233758,$123.61,$124.325,$120.41
12/17/2018,$123.24,1022685,$126.60,$127.135,$122.73
12/14/2018,$126.65,655240,$127.85,$128.50,$125.39
12/13/2018,$129.05,822007,$130.00,$131.21,$127.65
12/12/2018,$130.25,959520,$130.42,$132.32,$130.20
12/11/2018,$129.46,955100,$131.05,$131.33,$129.27
12/10/2018,$129.60,956847,$127.07,$130.20,$125.66
12/07/2018,$127.53,1279792,$129.44,$129.70,$126.35
12/06/2018,$129.76,1246586,$128.69,$129.92,$125.44
12/04/2018,$130.08,1590160,$133.55,$133.97,$129.845
12/03/2018,$133.79,1082006,$133.18,$133.83,$131.96
11/30/2018,$131.25,1367085,$132.18,$132.95,$130.44
11/29/2018,$132.58,764962,$131.75,$133.09,$131.28
11/28/2018,$132.07,986927,$129.69,$132.10,$129.01
11/27/2018,$129.30,1267569,$126.69,$130.24,$126.69
11/26/2018,$127.37,806650,$125.30,$127.37,$125.06
11/23/2018,$124.35,247640,$122.97,$124.76,$122.97
11/21/2018,$124.11,766915,$124.57,$125.20,$123.17
11/20/2018,$123.57,1092313,$123.80,$126.22,$123.25
11/19/2018,$126.29,719011,$129.56,$129.95,$126.055
11/16/2018,$130.02,800220,$128.81,$130.485,$128.30
11/15/2018,$129.39,948697,$128.64,$130.10,$127.35
11/14/2018,$128.73,1053968,$127.33,$130.24,$125.23
11/13/2018,$126.90,853038,$127.54,$129.355,$126.735
11/12/2018,$126.99,574572,$129.45,$129.45,$126.51
11/09/2018,$129.65,936211,$129.42,$129.99,$127.985
11/08/2018,$129.59,813335,$128.09,$129.75,$127.38
11/07/2018,$128.67,892019,$126.53,$128.93,$125.95
11/06/2018,$125.89,934115,$123.65,$125.99,$123.19
11/05/2018,$124.03,1720925,$128.29,$128.67,$121.17
11/02/2018,$128.84,2171268,$124.93,$129.52,$123.93
11/01/2018,$123.78,955690,$122.80,$124.09,$121.37
10/31/2018,$122.56,1092244,$120.71,$123.83,$120.145
10/30/2018,$119.24,1093104,$117.25,$119.48,$115.92
10/29/2018,$117.06,1071419,$120.95,$121.98,$115.6164
10/26/2018,$119.68,799342,$120.25,$121.32,$118.43
10/25/2018,$121.62,803635,$120.11,$122.59,$119.97
10/24/2018,$119.58,946048,$122.04,$124.62,$119.46
10/23/2018,$122.29,638994,$121.63,$123.25,$120.23
10/22/2018,$123.02,599809,$123.67,$123.84,$121.825
10/19/2018,$123.36,844888,$124.13,$124.93,$123.20
10/18/2018,$123.85,863382,$123.45,$124.85,$122.85
10/17/2018,$123.56,580220,$124.09,$124.11,$122.01
10/16/2018,$123.76,744962,$120.61,$124.09,$120.22
10/15/2018,$120.01,750547,$119.98,$120.94,$118.64
10/12/2018,$120.24,845937,$119.59,$120.83,$118.71
10/11/2018,$117.94,1023884,$120.32,$121.15,$117.79
10/10/2018,$120.68,1001119,$124.14,$124.21,$120.58
10/09/2018,$124.45,727377,$123.25,$124.73,$122.91
10/08/2018,$123.50,548600,$125.51,$125.54,$122.74
10/05/2018,$125.59,651472,$125.81,$126.98,$124.77
10/04/2018,$125.94,660907,$126.45,$126.50,$125.03
10/03/2018,$126.79,792774,$127.52,$128.3249,$126.71
10/02/2018,$126.87,1401036,$127.86,$128.65,$126.00
10/01/2018,$128.19,1168327,$131.00,$131.48,$127.7704
09/28/2018,$130.14,831330,$128.25,$130.34,$128.12
09/27/2018,$128.53,452573,$128.66,$129.63,$128.41
09/26/2018,$128.74,1144618,$130.00,$130.32,$128.52
09/25/2018,$129.92,1254484,$129.00,$130.26,$128.95
09/24/2018,$128.96,1357784,$127.70,$129.44,$126.68
09/21/2018,$128.41,2237674,$126.09,$128.59,$125.99
09/20/2018,$126.09,620512,$124.90,$126.13,$124.28
09/19/2018,$124.53,640123,$126.50,$126.78,$123.92
09/18/2018,$126.61,887816,$126.13,$128.39,$126.13
09/17/2018,$126.49,949934,$127.12,$127.12,$125.67
09/14/2018,$126.76,814861,$127.57,$127.61,$126.15
09/13/2018,$126.14,669863,$125.80,$126.85,$125.80
09/12/2018,$125.99,859865,$126.94,$127.33,$125.31
09/11/2018,$127.44,632251,$127.13,$127.86,$126.79
09/10/2018,$127.13,677949,$127.47,$127.69,$126.69
09/07/2018,$126.79,863671,$127.60,$127.98,$126.495
09/06/2018,$127.61,755200,$128.11,$128.38,$126.78
09/05/2018,$127.42,772533,$127.86,$128.25,$126.72
09/04/2018,$128.17,706098,$127.57,$128.185,$126.72
08/31/2018,$128.36,984017,$126.98,$128.56,$126.76
08/30/2018,$127.54,1086363,$128.94,$129.20,$127.15
08/29/2018,$128.72,555237,$127.83,$128.85,$127.615
08/28/2018,$127.83,910874,$127.59,$128.48,$127.36
08/27/2018,$127.25,972650,$126.85,$127.56,$126.11
08/24/2018,$126.65,959669,$125.60,$126.99,$125.02
08/23/2018,$125.09,533181,$124.49,$125.255,$124.41
08/22/2018,$124.41,638731,$124.51,$124.76,$123.92
08/21/2018,$124.49,455524,$124.92,$125.78,$124.32
08/20/2018,$124.99,979684,$124.10,$125.68,$124.10
08/17/2018,$122.99,896810,$121.32,$123.68,$121.005
08/16/2018,$121.31,788366,$120.84,$121.765,$120.84
08/15/2018,$120.28,780170,$120.55,$121.10,$119.29
08/14/2018,$121.00,942042,$121.50,$121.72,$120.63
08/13/2018,$121.35,759871,$121.38,$122.58,$120.67
08/10/2018,$121.01,555524,$121.15,$122.025,$120.79
08/09/2018,$121.45,1137662,$119.44,$121.94,$119.235
08/08/2018,$119.82,1020366,$121.56,$121.58,$119.38
08/07/2018,$121.00,1029712,$120.00,$121.54,$119.76
08/06/2018,$119.22,1377200,$117.35,$119.47,$117.35
08/03/2018,$117.67,2021651,$116.25,$119.89,$115.66
08/02/2018,$121.52,1223140,$120.29,$121.95,$120.13
08/01/2018,$120.90,1061968,$121.20,$122.16,$120.04
07/31/2018,$121.30,924347,$120.86,$121.665,$120.31
07/30/2018,$120.48,895446,$122.94,$123.4565,$120.145
07/27/2018,$123.45,1386427,$124.84,$125.02,$123.18
07/26/2018,$125.15,801007,$123.90,$125.31,$123.80
07/25/2018,$124.05,1033947,$121.18,$124.14,$121.18
07/24/2018,$121.47,973972,$122.00,$122.38,$120.75
07/23/2018,$122.02,588681,$121.81,$122.06,$121.12
07/20/2018,$121.68,692605,$122.10,$122.41,$121.37
07/19/2018,$122.18,738454,$122.58,$123.009,$121.99
07/18/2018,$123.19,919845,$122.43,$123.31,$121.46
07/17/2018,$122.45,985337,$121.12,$122.57,$120.82
07/16/2018,$121.35,801121,$121.14,$121.48,$120.42
07/13/2018,$120.77,587969,$120.77,$121.6892,$120.13
07/12/2018,$120.77,812009,$120.74,$120.94,$120.351
07/11/2018,$120.32,2773775,$119.15,$121.30,$118.4101
07/10/2018,$118.64,1047279,$119.26,$119.65,$118.19
07/09/2018,$118.30,934622,$118.73,$118.78,$117.11
07/06/2018,$118.41,818717,$117.33,$118.78,$117.14
07/05/2018,$117.48,1002574,$116.50,$117.65,$115.92
07/03/2018,$115.90,648856,$116.97,$117.6732,$115.75
07/02/2018,$116.51,871839,$115.87,$116.55,$114.95
06/29/2018,$116.37,1374288,$117.45,$117.85,$116.28
06/28/2018,$117.11,976665,$115.00,$117.36,$114.86
06/27/2018,$115.41,1125350,$115.78,$116.03,$114.93
06/26/2018,$115.48,1155843,$115.98,$116.40,$115.44
06/25/2018,$116.05,1072347,$117.62,$117.88,$115.41
06/22/2018,$117.71,1749534,$117.24,$118.37,$117.11
06/21/2018,$117.05,848660,$116.64,$117.62,$116.02
06/20/2018,$115.97,730155,$115.94,$116.68,$115.265
06/19/2018,$115.80,1049409,$114.55,$115.88,$114.36
06/18/2018,$115.50,889232,$113.61,$115.58,$113.59
06/15/2018,$114.52,1693764,$113.68,$114.70,$112.82
06/14/2018,$113.90,822326,$113.33,$114.45,$113.33
06/13/2018,$113.63,702907,$113.62,$114.46,$113.06
06/12/2018,$113.28,692374,$112.90,$113.36,$112.14
06/11/2018,$112.51,729116,$112.22,$112.90,$112.01
06/08/2018,$112.30,789790,$112.23,$112.92,$111.24
06/07/2018,$112.22,1378736,$113.66,$113.69,$111.39
06/06/2018,$113.58,1660722,$112.29,$113.60,$111.53
06/05/2018,$112.34,1338743,$109.99,$112.43,$109.51
06/04/2018,$109.91,646364,$109.16,$110.02,$108.78
06/01/2018,$109.11,819320,$108.02,$109.15,$107.73
05/31/2018,$107.34,3675824,$109.90,$109.90,$107.22
05/30/2018,$109.47,1063260,$109.80,$110.65,$109.46
05/29/2018,$109.68,1297994,$110.06,$110.43,$109.10
05/25/2018,$110.57,907480,$111.10,$111.52,$110.135
05/24/2018,$110.86,1344975,$110.43,$111.07,$110.04
05/23/2018,$110.84,1282737,$108.63,$110.85,$108.38
05/22/2018,$109.31,1964399,$109.00,$109.79,$108.31
05/21/2018,$108.38,1329378,$107.11,$108.48,$106.82
05/18/2018,$106.41,2421987,$106.12,$106.97,$105.89
05/17/2018,$106.25,1121982,$106.65,$107.00,$106.11
05/16/2018,$107.30,968471,$107.92,$108.35,$107.17
05/15/2018,$107.98,1145615,$107.02,$108.06,$106.765
05/14/2018,$107.38,1235175,$108.43,$109.34,$107.11
05/11/2018,$108.37,1065483,$108.59,$108.67,$107.50
05/10/2018,$108.75,1517319,$106.32,$108.92,$106.25
05/09/2018,$105.78,1866746,$107.89,$108.21,$105.41
05/08/2018,$107.84,1125915,$107.30,$108.48,$106.89
05/07/2018,$107.31,1615181,$108.53,$108.56,$106.65
05/04/2018,$108.03,2377996,$107.96,$109.15,$105.06
05/03/2018,$107.69,1843188,$107.52,$107.96,$105.50
05/02/2018,$107.63,923558,$108.70,$109.10,$107.47
05/01/2018,$108.48,1209641,$109.83,$109.88,$106.84
04/30/2018,$109.83,896457,$110.40,$110.94,$109.46
04/27/2018,$110.15,921847,$109.85,$110.25,$109.14
04/26/2018,$109.83,547050,$109.59,$110.34,$109.18
04/25/2018,$109.42,767482,$109.25,$109.62,$108.4309
04/24/2018,$109.64,1090035,$109.97,$111.29,$108.92
04/23/2018,$109.82,750727,$110.85,$111.68,$109.65
04/20/2018,$110.57,716495,$111.06,$111.46,$110.15
04/19/2018,$110.71,832328,$110.86,$111.40,$110.54
04/18/2018,$111.42,716996,$110.84,$111.91,$110.39
04/17/2018,$110.65,798605,$109.25,$110.93,$108.99
04/16/2018,$108.92,743534,$107.95,$109.455,$106.91
04/13/2018,$107.69,546051,$108.38,$108.575,$107.29
04/12/2018,$108.33,729875,$108.24,$108.95,$107.68
04/11/2018,$107.63,722921,$106.95,$108.27,$106.42
04/10/2018,$107.55,1074596,$106.01,$107.80,$105.77
04/09/2018,$104.71,1018757,$104.71,$105.77,$104.55
04/06/2018,$103.98,1075900,$105.77,$106.46,$103.70
04/05/2018,$106.69,1369121,$106.93,$107.69,$106.12
04/04/2018,$106.07,1603068,$103.78,$106.4192,$103.6822
04/03/2018,$104.93,1325175,$105.27,$106.42,$104.40
04/02/2018,$104.52,1445071,$105.01,$105.72,$103.18
03/29/2018,$105.30,920501,$104.49,$105.85,$104.06
03/28/2018,$103.96,867943,$105.67,$106.38,$103.92
03/27/2018,$105.93,2009344,$106.35,$107.12,$105.28
03/26/2018,$105.79,1286358,$105.58,$106.48,$104.95
03/23/2018,$104.28,975745,$107.53,$107.805,$104.28
03/22/2018,$107.20,1031240,$108.31,$108.77,$107.13
03/21/2018,$109.09,1070311,$109.03,$109.79,$108.85
03/20/2018,$109.39,1077103,$109.05,$109.83,$108.73
03/19/2018,$108.75,1025154,$108.32,$109.0399,$107.72
03/16/2018,$108.83,1290515,$109.00,$109.82,$108.62
03/15/2018,$108.80,928672,$108.95,$109.49,$108.52
03/14/2018,$108.95,933538,$109.43,$109.74,$108.55
03/13/2018,$109.22,1425868,$109.24,$110.29,$108.64
03/12/2018,$108.85,1327917,$109.12,$109.42,$108.53
03/09/2018,$109.09,1628957,$108.50,$109.49,$108.23
03/08/2018,$108.47,874143,$109.20,$109.225,$107.37
03/07/2018,$108.84,898965,$107.57,$109.18,$107.57
03/06/2018,$108.38,955448,$107.59,$108.75,$107.32
03/05/2018,$107.27,957440,$106.09,$107.95,$105.594
03/02/2018,$106.29,818239,$105.67,$106.61,$105.30
03/01/2018,$106.32,1335922,$107.17,$107.53,$105.25
02/28/2018,$106.15,1066048,$106.72,$107.78,$106.15
02/27/2018,$106.62,1206027,$106.99,$107.64,$106.2209
02/26/2018,$106.82,973799,$107.15,$107.29,$106.27
02/23/2018,$106.73,1226553,$105.43,$107.11,$105.27
02/22/2018,$104.73,1131920,$105.33,$106.25,$104.27
02/21/2018,$104.99,1114678,$106.10,$106.65,$104.97
02/20/2018,$105.75,1420214,$105.26,$106.97,$104.84
02/16/2018,$105.91,1075534,$105.83,$107.08,$105.01
02/15/2018,$106.13,1694126,$105.64,$106.365,$104.62
02/14/2018,$105.02,1659315,$101.62,$105.22,$101.30
02/13/2018,$101.94,1024891,$100.84,$102.09,$100.20
02/12/2018,$101.30,1243518,$99.82,$102.01,$99.635
02/09/2018,$99.13,3309502,$99.51,$100.32,$96.94
02/08/2018,$98.74,2042503,$102.95,$103.00,$98.72
02/07/2018,$102.63,2096190,$102.78,$104.16,$102.34
02/06/2018,$102.76,3183290,$99.66,$103.18,$99.04
02/05/2018,$101.06,2996996,$103.55,$106.00,$101.06
02/02/2018,$103.87,4455927,$100.85,$107.78,$100.58
02/01/2018,$99.12,1480305,$99.49,$99.98,$97.68
01/31/2018,$99.46,887861,$99.86,$100.26,$98.86
01/30/2018,$99.80,906548,$98.88,$99.93,$98.34
01/29/2018,$99.18,986093,$99.11,$100.80,$99.01
01/26/2018,$99.00,976306,$98.11,$99.00,$97.93
01/25/2018,$97.68,1117577,$96.74,$98.19,$96.38
01/24/2018,$95.84,837170,$97.15,$97.26,$95.76
01/23/2018,$96.76,808660,$97.33,$97.33,$96.37
01/22/2018,$97.33,973127,$98.22,$98.27,$97.02
01/19/2018,$97.80,1069885,$97.98,$98.27,$97.45
01/18/2018,$97.50,998309,$97.41,$97.65,$96.84
01/17/2018,$97.28,691576,$96.45,$97.70,$96.35
01/16/2018,$95.86,1192784,$97.10,$97.12,$95.28
01/12/2018,$96.57,1874908,$94.98,$97.18,$94.65
01/11/2018,$93.55,812028,$92.33,$93.63,$92.14
01/10/2018,$92.38,537073,$91.96,$92.71,$91.72
01/09/2018,$92.12,813902,$93.00,$93.48,$91.93
01/08/2018,$92.82,725826,$91.68,$92.85,$91.60
01/05/2018,$91.88,679523,$91.21,$91.9832,$90.69
01/04/2018,$90.66,1292894,$89.89,$91.615,$89.89
01/03/2018,$89.91,1591182,$90.47,$90.58,$89.18
01/02/2018,$90.55,800843,$90.84,$91.14,$90.05
12/29/2017,$90.34,630609,$90.80,$90.93,$90.0401
12/28/2017,$90.57,1095747,$90.96,$91.45,$89.92
12/27/2017,$90.80,555495,$90.65,$90.9201,$90.01
12/26/2017,$90.67,609378,$90.82,$91.07,$90.33
12/22/2017,$90.76,559608,$91.62,$91.63,$90.6391
12/21/2017,$91.62,814120,$92.18,$92.72,$91.36
12/20/2017,$92.10,1041710,$93.59,$93.77,$92.00
12/19/2017,$93.28,1782039,$94.70,$95.30,$93.26
12/18/2017,$94.49,1566693,$93.27,$94.68,$93.27
12/15/2017,$93.15,1438907,$92.62,$93.875,$92.23
12/14/2017,$92.20,1052282,$93.80,$93.80,$92.08
12/13/2017,$93.94,907215,$93.31,$94.69,$93.002
12/12/2017,$93.37,872785,$92.42,$93.945,$91.82
12/11/2017,$92.33,1231338,$92.32,$92.759,$91.94
12/08/2017,$92.52,1184323,$93.47,$93.7299,$92.17
12/07/2017,$92.80,2148145,$91.09,$93.96,$90.86
12/06/2017,$91.29,743666,$90.45,$91.8778,$90.25
12/05/2017,$90.66,1428537,$93.12,$93.79,$90.51
12/04/2017,$93.63,1308707,$93.44,$94.00,$93.14
12/01/2017,$93.03,1004356,$94.00,$94.18,$92.11
11/30/2017,$94.11,854398,$94.30,$94.66,$93.82
11/29/2017,$94.17,793894,$94.39,$94.96,$94.00
11/28/2017,$94.53,909116,$93.13,$94.63,$93.10
11/27/2017,$92.88,519028,$92.61,$93.24,$92.32
11/24/2017,$92.36,234979,$92.04,$92.6025,$91.99
11/22/2017,$91.83,508554,$92.60,$92.60,$91.21
11/21/2017,$92.45,1040234,$92.59,$93.43,$92.37
11/20/2017,$92.33,500526,$91.37,$92.69,$91.255
11/17/2017,$90.95,1162386,$90.60,$91.445,$90.42
11/16/2017,$90.97,918469,$90.62,$91.21,$90.05
11/15/2017,$90.39,806811,$90.98,$91.62,$90.21
11/14/2017,$91.02,760718,$90.87,$91.18,$90.25
11/13/2017,$91.37,782160,$90.60,$91.76,$90.60
11/10/2017,$91.07,584899,$91.28,$92.00,$91.00
11/09/2017,$91.61,627835,$92.00,$92.11,$91.26
11/08/2017,$92.66,672887,$91.99,$93.11,$91.40
11/07/2017,$92.11,678939,$92.40,$92.65,$91.68
11/06/2017,$92.43,1385596,$94.02,$94.06,$92.19
11/03/2017,$94.25,1576912,$91.52,$94.94,$90.395
11/02/2017,$90.02,1058399,$90.33,$90.60,$89.82
11/01/2017,$90.56,789830,$91.14,$91.74,$90.16
10/31/2017,$90.54,750475,$90.32,$90.795,$90.03
10/30/2017,$90.37,725611,$91.07,$91.17,$90.16
10/27/2017,$91.19,701110,$90.45,$91.79,$90.02
10/26/2017,$90.28,410732,$90.13,$90.43,$89.31
10/25/2017,$90.05,572073,$89.97,$90.50,$89.65
10/24/2017,$90.23,463509,$90.00,$90.88,$89.70
10/23/2017,$89.94,563594,$90.35,$90.43,$89.79
10/20/2017,$90.00,1136473,$90.37,$90.67,$89.642
10/19/2017,$89.65,611684,$88.85,$90.07,$88.71
10/18/2017,$89.09,720244,$89.15,$89.19,$88.06
10/17/2017,$88.88,589082,$89.09,$89.30,$88.53
10/16/2017,$89.36,583463,$89.93,$90.02,$89.28
10/13/2017,$89.93,681056,$90.00,$90.16,$89.51
10/12/2017,$89.80,731996,$89.19,$90.23,$88.89
10/11/2017,$89.26,569541,$89.17,$89.50,$88.78
10/10/2017,$89.08,824183,$89.54,$89.72,$88.76
10/09/2017,$89.10,991290,$89.70,$90.05,$88.92
10/06/2017,$89.44,2118219,$86.90,$89.69,$86.75
10/05/2017,$86.00,749098,$85.67,$86.54,$85.60
10/04/2017,$85.64,572533,$85.80,$86.01,$85.46
10/03/2017,$85.69,604262,$85.74,$85.79,$85.255
10/02/2017,$85.84,1039561,$84.74,$85.84,$84.56
09/29/2017,$84.87,950124,$83.92,$84.87,$83.61
09/28/2017,$83.69,677175,$83.77,$84.26,$83.59
09/27/2017,$84.10,877540,$83.35,$84.45,$83.11
09/26/2017,$83.02,748130,$83.65,$83.81,$82.86
09/25/2017,$83.50,520589,$84.14,$84.39,$83.14
09/22/2017,$84.29,746029,$84.93,$85.04,$84.175
09/21/2017,$84.99,470949,$85.57,$85.63,$84.72
09/20/2017,$85.65,614644,$85.98,$86.00,$84.91
09/19/2017,$85.84,769727,$85.77,$86.00,$85.27
09/18/2017,$85.48,1005740,$85.76,$85.93,$85.29
09/15/2017,$85.48,1799130,$84.59,$85.54,$84.28
09/14/2017,$84.58,957260,$85.19,$85.69,$84.43
09/13/2017,$85.97,762565,$87.49,$87.49,$85.92
09/12/2017,$87.74,834366,$87.23,$87.93,$86.615
09/11/2017,$87.01,1008382,$85.67,$87.40,$85.35
09/08/2017,$85.12,1583400,$86.10,$86.16,$85.05
09/07/2017,$86.35,1006401,$85.79,$86.45,$85.11
09/06/2017,$85.72,1085442,$86.66,$86.70,$85.38
09/05/2017,$86.66,637338,$87.58,$87.89,$86.32
09/01/2017,$87.87,620401,$88.34,$88.3865,$87.62
08/31/2017,$88.12,1269359,$87.90,$88.325,$87.57
08/30/2017,$87.66,572475,$86.98,$87.7299,$86.52
08/29/2017,$86.94,881155,$86.89,$87.20,$86.56
08/28/2017,$87.30,725924,$87.02,$87.96,$87.02
08/25/2017,$86.88,872762,$86.76,$87.47,$86.44
08/24/2017,$86.51,870087,$86.44,$86.71,$85.91
08/23/2017,$86.21,3547026,$86.16,$87.46,$85.15
08/22/2017,$86.41,1275808,$87.45,$87.50,$86.03
08/21/2017,$87.20,1406355,$86.71,$87.64,$85.68
08/18/2017,$87.37,1185294,$86.99,$88.4599,$86.35
08/17/2017,$87.13,1280265,$87.64,$88.41,$87.08
08/16/2017,$88.19,1548680,$88.05,$88.62,$86.44
08/15/2017,$87.92,895893,$88.72,$88.87,$87.90
08/14/2017,$88.60,683380,$88.11,$88.88,$88.00
08/11/2017,$87.48,806014,$87.15,$88.32,$86.96
08/10/2017,$86.99,901008,$87.85,$88.17,$86.97
08/09/2017,$88.51,774020,$88.13,$88.53,$87.70
08/08/2017,$88.58,989001,$89.18,$89.48,$88.30
08/07/2017,$89.20,1306987,$90.35,$90.35,$88.64
08/04/2017,$90.37,2085513,$91.59,$93.75,$89.63
08/03/2017,$90.40,971918,$90.51,$91.35,$90.21
08/02/2017,$90.43,646419,$91.90,$91.99,$90.31
08/01/2017,$91.95,718306,$91.05,$92.17,$90.90
07/31/2017,$90.68,1006631,$91.22,$91.45,$89.74
07/28/2017,$91.01,1015422,$91.99,$92.67,$91.00
07/27/2017,$92.21,732548,$91.99,$92.32,$91.38
07/26/2017,$91.84,686810,$91.51,$92.19,$91.23
07/25/2017,$91.39,669212,$90.89,$91.50,$90.65
07/24/2017,$90.67,552558,$90.51,$91.08,$90.15
07/21/2017,$90.52,1081484,$89.99,$91.42,$89.64
07/20/2017,$89.96,528110,$89.78,$89.99,$89.22
07/19/2017,$89.78,726430,$88.81,$90.00,$88.52
07/18/2017,$88.45,540381,$88.09,$88.47,$87.50
07/17/2017,$88.28,444707,$88.43,$88.55,$88.06
07/14/2017,$88.61,460972,$88.24,$88.65,$87.77
07/13/2017,$88.33,683597,$88.58,$88.91,$88.06
07/12/2017,$88.65,581546,$88.20,$88.79,$87.91
07/11/2017,$87.65,479936,$87.38,$87.78,$86.6832
07/10/2017,$87.23,548568,$86.84,$87.60,$86.84
07/07/2017,$87.31,602851,$86.35,$87.60,$86.29
07/06/2017,$85.96,860655,$86.70,$86.71,$85.59
07/05/2017,$86.83,815204,$86.83,$87.215,$86.42
07/03/2017,$86.68,472307,$86.99,$87.275,$86.67
06/30/2017,$86.74,1229254,$87.00,$87.56,$86.68
06/29/2017,$86.80,1437095,$88.09,$88.30,$86.19
06/28/2017,$88.13,1108303,$88.16,$88.67,$87.8101
06/27/2017,$87.72,792039,$88.56,$88.79,$87.72
06/26/2017,$88.42,758399,$88.75,$89.15,$88.39
06/23/2017,$88.64,1641392,$87.41,$88.76,$87.08
06/22/2017,$87.36,1039259,$86.25,$87.70,$85.95
06/21/2017,$86.24,1100209,$86.07,$86.375,$85.82
06/20/2017,$85.74,730798,$86.00,$86.03,$85.41
06/19/2017,$86.20,782975,$85.05,$86.30,$84.92
06/16/2017,$84.72,1172273,$84.66,$84.92,$84.30
06/15/2017,$84.45,988015,$84.29,$84.66,$83.86
06/14/2017,$84.87,875765,$86.03,$86.03,$84.50
06/13/2017,$86.04,1200006,$86.30,$86.89,$85.64
06/12/2017,$86.11,1638261,$85.74,$86.21,$85.10
06/09/2017,$86.17,1173774,$86.75,$87.77,$85.39
06/08/2017,$86.65,831683,$85.94,$86.735,$85.21
06/07/2017,$86.18,1151729,$87.78,$87.97,$85.67
06/06/2017,$87.46,1001853,$87.21,$87.96,$86.52
06/05/2017,$87.31,1077377,$86.59,$87.45,$86.38
06/02/2017,$86.62,1319174,$85.58,$86.79,$85.195
06/01/2017,$85.64,1490811,$83.95,$85.65,$83.49
05/31/2017,$83.57,2094144,$82.87,$83.5999,$82.43
05/30/2017,$82.83,1317141,$82.81,$83.93,$82.24
05/26/2017,$81.86,953083,$82.28,$82.72,$81.67
05/25/2017,$82.27,1346209,$82.67,$83.224,$81.89
05/24/2017,$82.22,949233,$82.05,$82.35,$80.97
05/23/2017,$82.11,980412,$82.93,$82.93,$81.78
05/22/2017,$82.93,1475809,$81.95,$83.13,$81.6308
05/19/2017,$80.83,1571938,$81.05,$81.20,$79.63
05/18/2017,$80.83,1302977,$81.22,$81.70,$80.68
05/17/2017,$81.85,1326997,$83.02,$83.26,$81.58
05/16/2017,$83.70,1135627,$84.39,$84.72,$83.60
05/15/2017,$84.48,587037,$84.50,$84.99,$84.32
05/12/2017,$84.21,657771,$85.05,$85.27,$84.19
05/11/2017,$85.36,928602,$85.34,$86.965,$84.53
05/10/2017,$85.77,1256324,$84.63,$85.77,$84.035
05/09/2017,$84.77,1100419,$83.60,$84.79,$83.48
05/08/2017,$83.59,1776889,$84.30,$84.575,$83.11
05/05/2017,$84.44,2176666,$87.43,$87.69,$83.60
05/04/2017,$86.10,908358,$86.32,$86.79,$85.40
05/03/2017,$86.37,677293,$85.64,$86.38,$85.64
05/02/2017,$85.92,825785,$86.27,$86.46,$85.40
05/01/2017,$86.16,735287,$86.27,$86.63,$85.88
04/28/2017,$85.97,1087120,$86.11,$86.17,$85.31
04/27/2017,$86.07,524062,$85.47,$86.21,$85.41
04/26/2017,$85.38,578652,$85.46,$85.98,$85.30
04/25/2017,$85.39,754224,$84.77,$85.64,$84.77
04/24/2017,$84.72,538436,$84.77,$84.97,$84.32
04/21/2017,$83.72,762152,$84.02,$84.08,$83.59
04/20/2017,$84.10,638253,$83.68,$84.25,$83.39
04/19/2017,$83.37,712983,$82.73,$83.48,$82.73
04/18/2017,$82.64,636386,$82.85,$83.175,$82.48
04/17/2017,$83.08,596801,$82.53,$83.14,$82.455
04/13/2017,$82.34,826955,$83.00,$83.15,$82.29
04/12/2017,$82.84,753549,$83.40,$83.47,$82.49
04/11/2017,$83.45,801770,$83.68,$83.68,$83.05
04/10/2017,$83.71,555395,$84.32,$84.384,$83.67
04/07/2017,$84.25,1059152,$84.17,$84.58,$83.69
04/06/2017,$84.20,665638,$83.90,$84.76,$83.38
04/05/2017,$83.83,1022310,$84.78,$85.19,$83.6801
04/04/2017,$84.52,1216829,$84.38,$85.10,$84.25
04/03/2017,$84.83,1253820,$86.22,$86.39,$84.52
03/31/2017,$86.22,2114064,$84.60,$86.5125,$84.39
03/30/2017,$84.87,1180198,$84.13,$84.93,$84.095
03/29/2017,$84.13,994547,$84.00,$84.37,$83.90
03/28/2017,$84.00,851187,$84.00,$84.48,$83.78
03/27/2017,$84.00,846975,$83.15,$84.20,$82.75
03/24/2017,$83.67,929706,$83.96,$84.30,$83.39
03/23/2017,$83.74,1253131,$83.53,$84.245,$83.41
03/22/2017,$83.59,1868431,$84.13,$84.89,$83.29
03/21/2017,$83.76,2523452,$86.75,$87.00,$83.56
03/20/2017,$84.30,1277471,$84.53,$84.77,$83.65
03/17/2017,$84.72,1485104,$85.30,$85.75,$84.67
03/16/2017,$85.15,1755847,$85.34,$86.23,$84.80
03/15/2017,$85.24,1927922,$83.46,$85.43,$83.45
03/14/2017,$83.36,2022766,$81.40,$83.86,$81.20
03/13/2017,$81.65,1213540,$81.41,$82.12,$81.12
03/10/2017,$82.10,1221380,$81.28,$82.45,$81.28
03/09/2017,$81.37,1209969,$80.13,$81.39,$80.015
03/08/2017,$80.20,1408592,$79.76,$80.51,$79.64
03/07/2017,$79.66,1459936,$79.65,$80.17,$78.75
03/06/2017,$79.97,1292748,$79.97,$80.30,$79.69
03/03/2017,$80.55,1051352,$80.02,$80.72,$79.57
03/02/2017,$80.02,903780,$79.73,$80.10,$79.07
03/01/2017,$79.98,1157977,$79.77,$80.27,$78.98
02/28/2017,$78.97,1427031,$79.00,$79.55,$78.91
02/27/2017,$79.28,874406,$80.25,$80.375,$79.19
02/24/2017,$80.27,1118880,$78.97,$80.33,$78.42
02/23/2017,$79.36,1071312,$80.01,$80.36,$78.77
02/22/2017,$79.65,994732,$80.07,$80.79,$79.61
02/21/2017,$80.15,1073162,$79.23,$80.42,$79.20
02/17/2017,$79.31,796273,$78.42,$79.36,$78.23
02/16/2017,$78.66,1131035,$79.47,$79.60,$78.44
02/15/2017,$79.40,1379371,$78.61,$79.59,$78.37
02/14/2017,$78.68,1271173,$78.27,$78.70,$77.92
02/13/2017,$78.48,1412554,$78.79,$79.39,$78.42
02/10/2017,$78.37,1596088,$77.90,$78.52,$77.23
02/09/2017,$77.81,1740391,$78.50,$78.78,$77.75
02/08/2017,$78.25,2484900,$77.82,$79.45,$77.82
02/07/2017,$77.34,11472470,$81.72,$81.98,$76.92
02/06/2017,$81.73,3032567,$81.37,$82.31,$80.20
02/03/2017,$81.60,3440225,$82.925,$83.75,$78.95
02/02/2017,$81.00,1961604,$79.86,$81.06,$79.63
02/01/2017,$80.03,1528793,$81.16,$81.78,$79.75
01/31/2017,$80.71,1381219,$81.35,$81.70,$79.90
01/30/2017,$81.70,1685585,$82.39,$83.07,$81.18
01/27/2017,$82.98,1238580,$83.38,$83.38,$81.68
01/26/2017,$83.36,1298844,$85.11,$85.29,$83.35
01/25/2017,$85.29,994824,$84.69,$85.44,$84.49
01/24/2017,$84.35,1126392,$82.58,$84.82,$82.32
01/23/2017,$82.44,855497,$82.64,$83.50,$81.95
01/20/2017,$82.36,616416,$82.07,$82.51,$81.83
01/19/2017,$81.86,566704,$81.69,$82.26,$81.28
01/18/2017,$81.65,709339,$80.97,$81.68,$80.55
01/17/2017,$80.73,865736,$81.81,$82.10,$80.57
01/13/2017,$82.27,542541,$82.39,$83.09,$82.07
01/12/2017,$82.18,624444,$82.61,$82.61,$81.63
01/11/2017,$82.88,522754,$82.30,$82.91,$82.30
01/10/2017,$82.63,627094,$82.96,$83.08,$82.13
01/09/2017,$83.02,853340,$82.89,$83.11,$82.575
01/06/2017,$82.89,587848,$82.88,$83.41,$82.51
01/05/2017,$82.64,735134,$83.24,$83.63,$82.00
01/04/2017,$83.49,778225,$83.55,$83.93,$83.12
01/03/2017,$83.60,1028958,$83.39,$83.92,$83.02
12/30/2016,$82.89,500925,$83.17,$83.34,$82.565
12/29/2016,$82.87,414508,$82.85,$83.47,$82.54
12/28/2016,$82.86,323318,$83.60,$83.73,$82.74
12/27/2016,$83.52,477038,$83.41,$84.07,$83.39
12/23/2016,$83.41,399932,$83.62,$83.80,$83.21
12/22/2016,$83.72,639389,$84.12,$84.44,$83.26
12/21/2016,$84.00,2054412,$83.86,$87.55,$83.71
12/20/2016,$83.76,533205,$84.10,$84.41,$83.60
12/19/2016,$83.93,739436,$83.34,$84.265,$82.61
12/16/2016,$83.40,1613158,$83.68,$83.86,$82.99
12/15/2016,$83.46,714369,$82.90,$83.95,$82.56
12/14/2016,$82.90,641443,$83.35,$83.72,$82.71
12/13/2016,$83.24,630164,$82.24,$83.90,$82.09
12/12/2016,$82.60,913570,$82.63,$82.735,$81.95
12/09/2016,$82.79,686375,$83.31,$83.43,$82.64
12/08/2016,$83.30,757530,$83.32,$83.57,$82.65
12/07/2016,$83.27,1240997,$82.34,$83.28,$82.05
12/06/2016,$82.22,1258541,$81.19,$82.27,$80.79
12/05/2016,$80.92,1568626,$79.85,$80.92,$79.32
12/02/2016,$79.50,949253,$79.16,$79.68,$78.70
12/01/2016,$79.19,1158519,$80.25,$80.85,$78.81
11/30/2016,$80.25,1589526,$81.12,$81.20,$80.10
11/29/2016,$81.11,674079,$80.66,$81.30,$80.65
11/28/2016,$80.86,768049,$80.82,$81.07,$80.55
11/25/2016,$80.98,392779,$80.25,$81.20,$80.25
11/23/2016,$80.26,1134359,$80.36,$81.01,$80.00
11/22/2016,$80.31,1083719,$80.04,$80.635,$79.59
11/21/2016,$79.83,1203033,$80.21,$80.40,$79.065
11/18/2016,$79.98,724772,$80.60,$80.60,$79.88
11/17/2016,$80.35,1262896,$80.39,$81.43,$79.93
11/16/2016,$80.51,1395112,$81.79,$82.20,$80.49
11/15/2016,$81.80,1390162,$80.90,$81.83,$80.69
11/14/2016,$80.60,1141155,$80.50,$81.37,$80.46
11/11/2016,$80.38,1340713,$79.13,$80.50,$79.013
11/10/2016,$79.19,918924,$79.30,$79.83,$78.57
11/09/2016,$78.96,1344992,$77.46,$79.44,$77.09
11/08/2016,$78.56,1517229,$77.83,$79.08,$77.52
11/07/2016,$77.71,1407454,$76.78,$77.74,$76.64
11/04/2016,$75.90,2657164,$72.56,$76.02,$72.54
11/03/2016,$71.29,1308751,$71.71,$72.30,$71.24
11/02/2016,$71.57,1075943,$72.29,$72.75,$71.51
11/01/2016,$72.32,648833,$72.90,$72.975,$71.82
10/31/2016,$72.58,1020705,$72.71,$73.04,$72.05
10/28/2016,$72.83,1036786,$73.56,$74.23,$72.75
10/27/2016,$73.48,1016288,$73.67,$73.93,$73.22
10/26/2016,$73.58,651711,$74.07,$74.405,$73.55
10/25/2016,$74.16,946293,$74.35,$74.53,$73.74
10/24/2016,$74.49,591640,$74.11,$74.91,$73.87
10/21/2016,$73.62,586553,$73.11,$73.69,$72.98
10/20/2016,$73.57,510185,$73.75,$73.94,$73.40
10/19/2016,$73.80,671523,$74.03,$74.20,$73.43
10/18/2016,$73.80,477671,$73.79,$74.20,$73.68
10/17/2016,$73.13,792669,$73.66,$73.98,$73.09
10/14/2016,$73.58,766086,$73.53,$74.05,$73.34
10/13/2016,$73.06,1231386,$73.55,$73.55,$72.30
10/12/2016,$73.76,1578530,$74.21,$74.97,$73.55
10/11/2016,$73.50,873775,$74.66,$74.70,$73.09
10/10/2016,$74.67,501097,$74.89,$74.9899,$74.40
10/07/2016,$74.48,682983,$74.79,$74.79,$73.74
10/06/2016,$74.64,626952,$74.34,$74.78,$74.0542
10/05/2016,$74.35,1084420,$74.70,$74.94,$74.121
10/04/2016,$74.42,978526,$75.13,$75.60,$74.01
10/03/2016,$75.25,1055833,$75.98,$76.39,$75.17
09/30/2016,$76.28,1806338,$77.49,$77.50,$76.05
09/29/2016,$77.21,1839228,$76.46,$77.37,$76.16
09/28/2016,$76.79,1100128,$76.29,$76.96,$76.16
09/27/2016,$76.32,1129774,$75.95,$76.445,$75.73
09/26/2016,$75.95,611594,$75.72,$76.16,$75.61
09/23/2016,$76.11,1275780,$76.04,$76.47,$75.97
09/22/2016,$76.19,619662,$76.25,$76.45,$76.06
09/21/2016,$75.73,1268858,$75.21,$75.78,$75.08
09/20/2016,$75.21,714994,$76.14,$76.24,$75.04
09/19/2016,$75.76,772715,$75.65,$76.40,$75.48
09/16/2016,$75.63,3574170,$75.73,$75.91,$75.37
09/15/2016,$76.04,1535430,$75.56,$76.11,$75.53
09/14/2016,$75.47,1007998,$75.91,$75.99,$75.2467
09/13/2016,$76.09,1336478,$76.57,$77.99,$76.03
09/12/2016,$77.23,1516419,$76.77,$77.28,$75.90
09/09/2016,$76.65,1588093,$77.02,$77.575,$76.56
09/08/2016,$77.37,1478681,$77.83,$77.99,$77.36
09/07/2016,$78.08,1220190,$78.15,$78.42,$77.86
09/06/2016,$78.32,1398365,$77.92,$78.99,$77.51
09/02/2016,$77.95,1084707,$77.18,$77.99,$77.06
09/01/2016,$76.80,1562726,$76.96,$77.02,$76.05
08/31/2016,$76.99,1410306,$77.19,$77.19,$76.68
08/30/2016,$77.51,1139565,$77.35,$77.66,$77.15
08/29/2016,$77.29,834437,$77.20,$77.64,$76.9301
08/26/2016,$77.20,777182,$77.11,$77.86,$76.59
08/25/2016,$77.18,956485,$76.82,$77.38,$76.78
08/24/2016,$77.12,1078745,$76.72,$77.22,$76.50
08/23/2016,$76.99,1113216,$76.80,$77.425,$76.6282
08/22/2016,$76.49,833434,$76.07,$76.51,$75.84
08/19/2016,$76.34,795650,$75.74,$76.48,$75.64
08/18/2016,$75.99,658780,$75.69,$76.01,$75.535
08/17/2016,$75.68,2159197,$75.41,$75.81,$75.08
08/16/2016,$75.58,1320592,$75.32,$75.685,$74.79
08/15/2016,$75.44,1721053,$74.55,$75.62,$74.31
08/12/2016,$74.54,1946163,$75.39,$75.95,$74.51
08/11/2016,$75.52,1616308,$74.60,$75.855,$74.48
08/10/2016,$74.28,1463201,$74.21,$74.37,$73.89
08/09/2016,$74.28,1574958,$74.02,$74.515,$73.80
08/08/2016,$73.93,2120559,$73.66,$74.83,$73.50
08/05/2016,$73.50,2784572,$70.37,$73.64,$69.81
08/04/2016,$70.24,1759130,$69.39,$70.76,$69.34
08/03/2016,$69.29,1032050,$68.80,$69.29,$68.56
08/02/2016,$68.84,808919,$69.42,$69.50,$68.36
08/01/2016,$69.63,871646,$69.40,$69.70,$69.03
07/29/2016,$69.38,936301,$69.46,$69.57,$68.99
07/28/2016,$69.58,1215449,$69.02,$69.73,$69.01
07/27/2016,$69.26,1342678,$68.45,$69.29,$68.21
07/26/2016,$68.42,564518,$68.15,$68.49,$68.10
07/25/2016,$68.09,567563,$68.03,$68.34,$67.86
07/22/2016,$68.25,816117,$67.51,$68.355,$67.47
07/21/2016,$67.55,718803,$67.83,$68.13,$67.31
07/20/2016,$67.93,980034,$67.57,$68.02,$67.53
07/19/2016,$67.50,765557,$67.60,$67.76,$67.10
07/18/2016,$67.55,696046,$67.40,$68.00,$67.40
07/15/2016,$67.40,928355,$67.79,$67.79,$67.08
07/14/2016,$67.58,958920,$67.87,$68.16,$67.475
07/13/2016,$67.46,951393,$67.67,$67.73,$67.32
07/12/2016,$67.40,1181611,$67.26,$67.51,$66.88
07/11/2016,$66.62,983525,$66.57,$66.74,$66.21
07/08/2016,$66.38,923532,$65.67,$66.54,$65.50
07/07/2016,$65.05,930226,$65.19,$65.43,$64.76
07/06/2016,$65.30,2213022,$64.42,$65.35,$64.05
07/05/2016,$64.77,939894,$65.47,$65.475,$64.73
07/01/2016,$66.01,1171924,$65.86,$66.46,$65.56
06/30/2016,$65.97,1926564,$65.37,$65.98,$64.88
06/29/2016,$64.55,1169144,$64.23,$64.65,$63.73
06/28/2016,$63.69,2158038,$63.61,$63.81,$62.82
06/27/2016,$63.08,2327630,$64.17,$64.17,$62.76
06/24/2016,$64.73,4735121,$66.05,$66.45,$64.60
06/23/2016,$68.01,1001844,$67.83,$68.16,$67.70
06/22/2016,$67.43,1079910,$67.72,$67.9299,$67.38
06/21/2016,$67.81,1259689,$68.31,$68.42,$67.80
06/20/2016,$68.35,3958027,$67.93,$68.59,$67.85
06/17/2016,$67.33,3816843,$67.82,$67.92,$67.30
06/16/2016,$67.80,2178586,$67.12,$67.87,$67.03
06/15/2016,$67.54,4527824,$67.31,$67.895,$67.21
06/14/2016,$67.24,1687662,$66.55,$67.46,$66.50
06/13/2016,$66.82,2520871,$66.90,$67.91,$66.77
06/10/2016,$67.44,2048943,$67.92,$68.045,$67.23
06/09/2016,$68.56,1516270,$68.92,$69.25,$68.35
06/08/2016,$69.05,2742255,$68.40,$69.32,$68.18
06/07/2016,$68.16,3356049,$68.48,$68.65,$67.93
06/06/2016,$68.77,2766257,$68.52,$69.045,$68.20
06/03/2016,$68.47,4249685,$68.65,$68.78,$67.69
06/02/2016,$68.80,2347608,$69.06,$69.16,$68.62
06/01/2016,$69.06,1556985,$69.01,$69.45,$68.645
05/31/2016,$69.27,3524288,$69.60,$69.725,$68.735
05/27/2016,$69.50,1187545,$69.13,$69.505,$68.54
05/26/2016,$69.40,832133,$69.32,$69.84,$68.96
05/25/2016,$69.35,1155408,$69.75,$69.965,$69.33
05/24/2016,$69.68,1414451,$68.87,$69.79,$68.868
05/23/2016,$68.78,1743634,$68.58,$69.00,$68.49
05/20/2016,$68.75,1623995,$69.14,$69.14,$68.61
05/19/2016,$68.72,1240959,$69.36,$69.76,$68.29
05/18/2016,$69.46,1208894,$69.82,$70.20,$69.05
05/17/2016,$69.89,2012721,$70.66,$70.795,$69.86
05/16/2016,$70.83,1745641,$70.40,$71.27,$70.065
05/13/2016,$70.62,1897475,$70.98,$71.30,$70.375
05/12/2016,$71.11,1853561,$70.21,$71.54,$69.655
05/11/2016,$70.07,1972744,$71.05,$71.33,$69.9701
05/10/2016,$71.05,1539660,$70.87,$71.69,$70.62
05/09/2016,$70.82,2846021,$70.42,$71.26,$70.00
05/06/2016,$70.54,5561103,$71.89,$74.25,$66.51
05/05/2016,$74.25,1356280,$74.21,$75.27,$74.07
05/04/2016,$74.22,928712,$74.22,$74.71,$73.74
05/03/2016,$74.96,1234021,$75.63,$75.63,$74.63
05/02/2016,$76.00,1022369,$75.47,$76.03,$74.94
04/29/2016,$75.19,986875,$75.07,$75.30,$74.22
04/28/2016,$75.34,674001,$75.70,$76.15,$75.17
04/27/2016,$76.04,1313292,$75.55,$76.48,$75.24
04/26/2016,$75.90,755110,$75.50,$76.12,$75.15
04/25/2016,$75.51,599359,$75.23,$75.75,$75.23
04/22/2016,$75.56,634798,$74.63,$75.93,$74.63
04/21/2016,$74.99,656224,$75.40,$75.545,$74.85
04/20/2016,$75.55,993554,$75.90,$75.90,$74.91
04/19/2016,$75.97,691902,$75.99,$76.00,$75.53
04/18/2016,$75.69,798877,$75.36,$75.6989,$75.00
04/15/2016,$75.64,1136394,$75.18,$75.77,$74.88
04/14/2016,$75.31,791078,$75.45,$75.67,$74.90
04/13/2016,$75.37,1207848,$75.54,$75.58,$75.01
04/12/2016,$75.04,923880,$75.02,$75.14,$74.5961
04/11/2016,$74.88,1122348,$75.37,$75.58,$74.76
04/08/2016,$75.24,867350,$75.52,$75.60,$75.07
04/07/2016,$74.99,1045202,$75.77,$75.92,$74.865
04/06/2016,$76.09,1422582,$75.93,$76.15,$75.17
04/05/2016,$75.71,1647541,$75.97,$76.22,$75.09
04/04/2016,$76.32,1951399,$75.40,$76.83,$75.13
04/01/2016,$76.11,2105225,$75.30,$76.59,$75.02
03/31/2016,$75.70,1480540,$74.78,$75.83,$74.78
03/30/2016,$74.89,1490763,$74.50,$75.38,$74.29
03/29/2016,$74.09,783609,$73.50,$74.39,$73.26
03/28/2016,$73.37,1374130,$72.75,$73.905,$72.75
03/24/2016,$72.59,900934,$73.04,$73.04,$72.40
03/23/2016,$73.15,1358240,$73.69,$73.69,$72.85
03/22/2016,$73.71,2463662,$73.02,$74.04,$72.72
03/21/2016,$73.12,2387162,$72.41,$73.31,$71.96
03/18/2016,$72.59,1456533,$72.99,$73.03,$72.51
03/17/2016,$72.83,2172698,$72.53,$73.77,$72.25
03/16/2016,$72.24,1914737,$71.96,$72.405,$71.34
03/15/2016,$71.97,2318714,$71.51,$72.64,$71.51
03/14/2016,$71.83,2548914,$71.00,$72.00,$70.59
03/11/2016,$71.20,2453022,$71.46,$71.75,$70.895
03/10/2016,$71.22,2886042,$71.83,$72.63,$70.68
03/09/2016,$71.48,1636398,$71.34,$71.83,$71.17
03/08/2016,$71.10,1652090,$70.71,$71.45,$70.64
03/07/2016,$71.01,2181904,$70.67,$71.19,$70.47
03/04/2016,$70.95,2543989,$71.66,$71.75,$70.783
03/03/2016,$71.25,4281036,$71.20,$71.58,$70.75
03/02/2016,$71.28,2762848,$71.20,$71.34,$70.39
03/01/2016,$71.19,7223934,$70.94,$71.68,$69.31
02/29/2016,$73.49,4345063,$75.00,$75.27,$72.95
02/26/2016,$74.86,2096471,$74.30,$75.81,$74.06
02/25/2016,$74.06,2073303,$72.99,$74.18,$72.67
02/24/2016,$72.84,3606405,$70.89,$73.00,$70.75
02/23/2016,$70.78,4942137,$70.04,$72.71,$69.31
02/22/2016,$66.75,1833412,$66.46,$67.13,$66.2152
02/19/2016,$66.00,1513565,$64.78,$66.06,$64.33
02/18/2016,$64.78,948893,$65.17,$65.41,$64.67
02/17/2016,$65.05,935453,$63.93,$65.19,$63.74
02/16/2016,$63.42,771201,$62.47,$63.46,$62.36
02/12/2016,$61.78,567464,$61.00,$61.96,$60.68
02/11/2016,$60.52,832792,$60.19,$60.83,$59.78
02/10/2016,$60.97,1081174,$62.72,$63.17,$60.90
02/09/2016,$62.24,1223580,$61.49,$63.40,$61.48
02/08/2016,$62.09,1105532,$62.22,$62.48,$61.25
02/05/2016,$62.82,1082894,$63.99,$64.26,$62.52
02/04/2016,$64.25,930263,$64.70,$64.91,$63.81
02/03/2016,$64.88,761663,$64.65,$65.60,$63.85
02/02/2016,$64.32,2121171,$66.09,$66.43,$64.01
02/01/2016,$66.85,1108502,$66.58,$67.20,$66.22
01/29/2016,$66.77,1224630,$65.05,$66.79,$64.73
01/28/2016,$64.74,1126573,$64.96,$65.45,$64.38
01/27/2016,$64.80,1642387,$63.89,$65.99,$63.47
01/26/2016,$63.16,762467,$62.51,$63.43,$62.40
01/25/2016,$62.42,881480,$61.93,$62.87,$61.59
01/22/2016,$62.04,741190,$61.56,$62.115,$61.41
01/21/2016,$60.82,838740,$60.40,$61.27,$60.03
01/20/2016,$60.36,1247568,$60.38,$60.76,$59.13
01/19/2016,$61.13,1444720,$62.30,$62.36,$60.66
01/15/2016,$61.59,1290941,$61.80,$62.28,$61.213
01/14/2016,$63.11,1204631,$63.66,$63.91,$62.98
01/13/2016,$63.37,877933,$65.07,$65.15,$63.20
01/12/2016,$64.91,1125064,$64.93,$65.05,$63.85
01/11/2016,$64.37,884791,$64.66,$64.975,$63.86
01/08/2016,$64.25,1288509,$64.33,$64.95,$64.00
01/07/2016,$64.11,1197212,$64.63,$65.29,$63.54
01/06/2016,$65.43,956417,$65.57,$66.575,$65.25
01/05/2016,$66.39,1242057,$66.50,$67.11,$65.815
01/04/2016,$67.13,910847,$67.67,$67.67,$66.62
12/31/2015,$68.45,327117,$69.00,$69.24,$68.45
12/30/2015,$69.30,426372,$69.56,$69.89,$69.20
12/29/2015,$69.64,416922,$69.51,$69.78,$69.44
12/28/2015,$69.18,335127,$68.86,$69.315,$68.68
12/24/2015,$69.06,249539,$69.24,$69.39,$68.87
12/23/2015,$69.21,373118,$69.29,$69.42,$68.87
12/22/2015,$68.87,915596,$68.35,$69.16,$67.90
12/21/2015,$68.03,592324,$67.76,$68.14,$67.62
12/18/2015,$67.58,2083448,$68.26,$68.55,$67.55
12/17/2015,$68.56,1079188,$69.80,$70.4899,$68.56
12/16/2015,$69.52,947359,$69.52,$69.89,$68.99
12/15/2015,$69.13,831510,$68.59,$69.79,$68.43
12/14/2015,$68.14,1112189,$68.51,$69.03,$67.89
12/11/2015,$68.61,1313552,$68.55,$68.81,$67.85
12/10/2015,$69.37,1099867,$69.16,$70.08,$69.09
12/09/2015,$69.31,1077475,$69.44,$69.81,$68.73
12/08/2015,$69.75,1115274,$69.78,$70.30,$69.26
12/07/2015,$70.38,1635122,$71.73,$71.98,$70.28
12/04/2015,$72.11,1596590,$71.30,$72.3895,$71.30
12/03/2015,$71.08,817479,$72.13,$72.22,$70.86
12/02/2015,$71.89,761313,$72.27,$72.44,$71.80
12/01/2015,$72.05,1251520,$72.10,$72.32,$71.67
11/30/2015,$71.78,1503519,$72.22,$72.22,$71.60
11/27/2015,$72.02,343925,$71.98,$72.15,$70.98
11/25/2015,$71.83,882043,$72.16,$72.16,$71.65
11/24/2015,$71.96,1038565,$71.56,$72.45,$71.50
11/23/2015,$72.24,988281,$72.24,$72.52,$71.82
11/20/2015,$72.19,1380073,$72.76,$72.81,$72.18
11/19/2015,$72.45,1389060,$72.00,$72.97,$71.67
11/18/2015,$71.98,1255322,$71.12,$72.00,$70.98
11/17/2015,$71.05,1073393,$70.14,$71.19,$69.8401
11/16/2015,$70.02,832239,$68.92,$70.11,$68.65
11/13/2015,$69.03,1896124,$69.07,$69.565,$68.37
11/12/2015,$69.44,978532,$69.74,$69.98,$69.305
11/11/2015,$70.02,1312828,$68.56,$70.49,$68.35
11/10/2015,$68.34,1481861,$68.09,$68.55,$67.78
11/09/2015,$68.20,1734599,$67.92,$68.32,$67.18
11/06/2015,$68.01,1209234,$67.53,$68.05,$67.04
11/05/2015,$67.40,3081018,$64.90,$67.72,$64.90
11/04/2015,$65.24,7152388,$68.10,$69.23,$63.95
11/03/2015,$71.36,1337151,$70.63,$71.57,$70.32
11/02/2015,$70.73,1411898,$70.05,$70.82,$69.57
10/30/2015,$69.97,1613550,$70.17,$70.537,$69.80
10/29/2015,$70.13,1095923,$70.17,$70.62,$70.00
10/28/2015,$70.37,1023711,$70.20,$70.83,$69.79
10/27/2015,$69.96,993475,$69.65,$70.18,$69.47
10/26/2015,$70.05,1309402,$70.48,$70.56,$69.84
10/23/2015,$70.48,1204602,$70.71,$70.77,$70.00
10/22/2015,$70.48,1553235,$69.21,$70.98,$69.16
10/21/2015,$69.47,1432623,$69.58,$69.85,$69.06
10/20/2015,$69.48,1752050,$69.00,$69.83,$68.94
10/19/2015,$69.03,682195,$68.98,$69.29,$68.76
10/16/2015,$69.26,1125620,$69.46,$69.69,$69.095
10/15/2015,$69.27,1252094,$69.00,$69.44,$68.94
10/14/2015,$68.70,802948,$68.93,$69.20,$68.61
10/13/2015,$69.04,870648,$69.16,$69.61,$68.92
10/12/2015,$69.43,1093307,$68.75,$69.65,$68.10
10/09/2015,$68.78,1619631,$69.40,$69.74,$68.61
10/08/2015,$69.50,1375379,$69.73,$69.91,$69.00
10/07/2015,$69.79,1373520,$69.46,$69.88,$69.06
10/06/2015,$69.19,1006338,$69.44,$69.77,$68.84
10/05/2015,$69.75,2004351,$68.52,$69.82,$68.50
10/02/2015,$68.40,1495594,$67.02,$68.41,$66.728
10/01/2015,$67.76,2099534,$68.35,$68.60,$67.29
09/30/2015,$68.38,4517859,$68.20,$68.97,$68.03
09/29/2015,$67.45,2165077,$67.85,$68.05,$67.08
09/28/2015,$67.93,2728691,$68.67,$68.99,$67.855
09/25/2015,$69.20,2246167,$68.38,$69.39,$68.02
09/24/2015,$67.91,2083221,$67.32,$68.01,$66.939
09/23/2015,$67.80,1546006,$66.83,$68.06,$66.81
09/22/2015,$66.58,1301386,$66.28,$66.66,$66.00
09/21/2015,$67.05,1399337,$67.27,$67.94,$66.89
09/18/2015,$67.09,2989696,$66.39,$67.70,$66.18
09/17/2015,$67.03,2238169,$67.47,$67.76,$66.80
09/16/2015,$67.47,1798461,$67.09,$67.73,$67.05
09/15/2015,$67.15,3519768,$66.78,$67.70,$66.76
09/14/2015,$66.84,2565268,$67.10,$67.38,$66.59
09/11/2015,$67.08,4585947,$67.76,$67.93,$66.89
09/10/2015,$69.09,3367210,$68.27,$69.63,$68.01
09/09/2015,$68.30,4486078,$70.00,$70.26,$68.30
09/08/2015,$69.61,4534654,$66.72,$69.71,$66.41
09/04/2015,$66.31,11240770,$66.01,$66.36,$65.06
09/03/2015,$65.11,6170982,$65.00,$65.47,$64.61
09/02/2015,$64.72,6514579,$64.51,$64.75,$64.08
09/01/2015,$63.85,4293498,$63.60,$64.48,$63.50
08/31/2015,$64.82,2499902,$64.39,$64.89,$64.11
08/28/2015,$64.55,2684524,$64.29,$65.19,$64.195
08/27/2015,$64.29,2227882,$63.48,$64.56,$63.28
08/26/2015,$63.14,3538459,$61.505,$63.24,$60.70
08/25/2015,$60.44,2188328,$62.12,$62.17,$60.42
08/24/2015,$60.79,3069247,$60.27,$63.13,$59.515
08/21/2015,$62.45,2239234,$63.53,$64.14,$62.44
08/20/2015,$63.89,1615249,$65.05,$65.09,$63.89
08/19/2015,$65.35,1281090,$65.53,$65.93,$65.29
08/18/2015,$65.77,2132583,$65.11,$67.17,$65.065
08/17/2015,$65.27,782560,$64.68,$65.28,$64.30
08/14/2015,$64.98,698350,$64.25,$65.10,$64.14
08/13/2015,$64.34,1058381,$64.52,$64.8685,$64.12
08/12/2015,$64.60,1815286,$63.10,$64.77,$62.80
08/11/2015,$63.35,1228802,$63.69,$63.79,$63.15
08/10/2015,$63.99,1528047,$64.47,$64.50,$63.50
08/07/2015,$64.19,2231159,$63.65,$64.19,$62.95
08/06/2015,$63.80,2489516,$63.91,$64.00,$62.8076
08/05/2015,$64.04,4174520,$63.42,$65.00,$63.20
08/04/2015,$60.22,1455741,$59.69,$60.452,$59.58
08/03/2015,$59.76,948584,$60.08,$60.08,$59.17
07/31/2015,$60.16,895975,$59.95,$60.36,$59.76
07/30/2015,$59.86,488350,$59.50,$59.90,$59.34
07/29/2015,$59.58,680460,$59.15,$59.73,$58.86
07/28/2015,$59.11,734797,$58.88,$59.13,$58.34
07/27/2015,$58.71,880176,$59.33,$59.33,$58.61
07/24/2015,$59.50,1315328,$58.80,$59.80,$58.70
07/23/2015,$58.85,818142,$59.47,$59.50,$58.73
07/22/2015,$59.35,970763,$59.28,$59.71,$59.21
07/21/2015,$59.57,1378285,$59.31,$59.58,$59.09
07/20/2015,$59.40,1142610,$59.50,$59.58,$59.00
07/17/2015,$58.85,735486,$59.31,$59.48,$58.59
07/16/2015,$59.29,847289,$59.13,$59.34,$59.02
07/15/2015,$58.89,1133673,$58.51,$58.98,$58.42
07/14/2015,$58.60,809158,$58.49,$58.82,$58.39
07/13/2015,$58.43,692340,$57.90,$58.46,$57.79
07/10/2015,$57.48,914168,$57.47,$57.657,$57.07
07/09/2015,$56.94,1263052,$57.44,$57.53,$56.90
07/08/2015,$56.79,1455859,$57.37,$57.58,$56.74
07/07/2015,$57.49,1375903,$57.13,$57.64,$56.40
07/06/2015,$57.22,892659,$56.89,$57.28,$56.78
07/02/2015,$57.51,765160,$57.73,$57.73,$57.396
07/01/2015,$57.60,827798,$57.87,$57.87,$57.22
06/30/2015,$57.34,1520942,$57.81,$57.81,$57.095
06/29/2015,$57.14,1067600,$57.71,$58.09,$57.0368
06/26/2015,$58.38,4395079,$58.29,$58.455,$57.94
06/25/2015,$58.35,845556,$58.50,$58.555,$58.05
06/24/2015,$58.29,741372,$58.93,$59.06,$58.28
06/23/2015,$59.12,1085872,$59.51,$59.73,$58.90
06/22/2015,$59.22,1239222,$58.24,$59.28,$58.05
06/19/2015,$58.05,2302495,$58.22,$58.34,$57.78
06/18/2015,$58.39,1213109,$58.00,$58.59,$57.98
06/17/2015,$57.97,1060131,$58.37,$58.50,$57.49
06/16/2015,$58.18,948137,$57.97,$58.35,$57.72
06/15/2015,$57.95,1186795,$57.16,$58.06,$56.83
06/12/2015,$57.65,1132424,$58.13,$58.19,$57.37
06/11/2015,$58.55,896526,$58.46,$58.74,$58.23
06/10/2015,$58.49,830715,$58.06,$58.70,$57.88
06/09/2015,$57.90,852316,$58.17,$58.29,$57.76
06/08/2015,$58.08,888010,$58.54,$58.55,$57.89
06/05/2015,$58.61,534030,$58.87,$58.87,$58.39
06/04/2015,$58.80,677462,$59.24,$59.58,$58.74
06/03/2015,$59.48,815574,$59.44,$59.635,$59.12
06/02/2015,$59.19,1158960,$59.42,$59.74,$58.95
06/01/2015,$59.65,1196520,$59.09,$59.99,$58.86
05/29/2015,$59.00,1769213,$59.57,$59.73,$59.00
05/28/2015,$59.63,854553,$58.96,$59.87,$58.845
05/27/2015,$59.06,1571116,$59.35,$59.35,$58.70
05/26/2015,$59.11,1095417,$59.40,$59.40,$58.71
05/22/2015,$59.66,1050379,$59.49,$59.74,$59.28
05/21/2015,$59.79,650145,$59.65,$59.94,$59.585
05/20/2015,$59.80,564359,$59.90,$60.03,$59.61
05/19/2015,$59.80,760609,$60.35,$60.35,$59.73
05/18/2015,$60.12,1629964,$59.22,$60.17,$59.22
05/15/2015,$59.30,1299962,$59.79,$59.93,$59.2375
05/14/2015,$59.79,906772,$59.62,$59.90,$59.421
05/13/2015,$59.25,825400,$59.45,$59.72,$59.22
05/12/2015,$59.42,769128,$59.43,$59.69,$59.10
05/11/2015,$59.80,1216095,$60.47,$60.62,$59.76
05/08/2015,$60.59,1040202,$60.56,$61.00,$60.41
05/07/2015,$60.01,1862761,$59.29,$60.40,$59.12
05/06/2015,$58.75,2316211,$60.34,$60.49,$58.20
05/05/2015,$58.59,2343829,$59.62,$60.15,$58.20
05/04/2015,$60.68,992397,$60.37,$60.77,$60.34
05/01/2015,$60.28,1524484,$60.12,$60.37,$60.04
04/30/2015,$59.75,1889957,$59.45,$59.84,$59.32
04/29/2015,$59.74,1366841,$60.50,$60.69,$59.72
04/28/2015,$60.69,993248,$60.97,$61.14,$60.38
04/27/2015,$60.98,1456271,$60.85,$61.16,$60.47
04/24/2015,$60.57,1823378,$61.11,$61.11,$60.18
04/23/2015,$60.84,1380575,$61.18,$61.46,$60.84
04/22/2015,$61.59,994589,$61.61,$61.81,$61.41
04/21/2015,$61.43,1273236,$61.34,$61.71,$61.26
04/20/2015,$61.16,1424556,$61.02,$61.455,$61.01
04/17/2015,$60.68,2097687,$61.51,$61.61,$60.47
04/16/2015,$61.86,1936373,$61.71,$62.1264,$61.71
04/15/2015,$61.82,1273291,$61.96,$62.325,$61.76
04/14/2015,$61.91,1286058,$62.01,$62.14,$61.65
04/13/2015,$61.97,1257002,$62.53,$62.99,$61.895
04/10/2015,$62.53,900428,$62.25,$62.59,$62.11
04/09/2015,$62.32,923864,$62.27,$62.44,$61.795
04/08/2015,$62.42,1488314,$61.90,$62.46,$61.495
04/07/2015,$61.99,1357982,$61.48,$62.39,$61.28
04/06/2015,$61.48,3462844,$62.09,$62.24,$61.46
04/02/2015,$62.51,8069245,$66.67,$67.46,$61.15
04/01/2015,$66.67,1110427,$66.66,$66.75,$66.07
03/31/2015,$66.67,1722850,$66.25,$66.90,$66.14
03/30/2015,$66.39,968977,$65.85,$66.46,$65.72
03/27/2015,$65.38,1213005,$65.39,$65.63,$64.58
03/26/2015,$65.42,957142,$64.93,$65.56,$64.53
03/25/2015,$65.35,1218967,$66.21,$66.22,$65.25
03/24/2015,$66.23,842276,$66.61,$66.88,$66.22
03/23/2015,$66.52,904864,$66.76,$67.00,$66.52
03/20/2015,$66.83,2748288,$66.54,$67.29,$66.45
03/19/2015,$66.34,1382269,$66.45,$67.01,$66.05
03/18/2015,$66.65,1437518,$65.08,$67.07,$65.07
03/17/2015,$65.32,1226887,$65.45,$65.52,$64.90
03/16/2015,$65.86,1032903,$64.96,$66.00,$64.89
03/13/2015,$64.80,1557723,$65.01,$65.38,$64.18
03/12/2015,$64.96,1657436,$64.715,$65.34,$64.67
03/11/2015,$65.31,1330902,$65.33,$65.80,$65.21
03/10/2015,$65.33,1971415,$66.24,$66.35,$65.02
03/09/2015,$66.57,1295752,$66.82,$67.06,$66.45
03/06/2015,$66.82,1313447,$67.57,$67.80,$66.65
03/05/2015,$67.93,1053188,$67.91,$68.135,$67.72
03/04/2015,$67.64,1351368,$67.79,$67.91,$66.97
03/03/2015,$68.14,1197556,$68.66,$69.00,$68.10
03/02/2015,$68.89,1490886,$68.00,$69.155,$68.00
02/27/2015,$67.94,5007195,$68.29,$68.50,$67.61
02/26/2015,$68.47,1555504,$68.11,$68.57,$67.75
02/25/2015,$68.02,1416129,$68.48,$68.48,$67.93
02/24/2015,$68.53,1138324,$68.54,$68.80,$68.21
02/23/2015,$68.63,1415395,$69.85,$69.85,$68.48
02/20/2015,$69.83,2353877,$68.94,$69.87,$68.79
02/19/2015,$69.03,1893841,$69.38,$69.66,$68.95
02/18/2015,$69.12,1587619,$69.64,$69.78,$69.0046
02/17/2015,$69.79,1880528,$69.67,$70.15,$69.30
02/13/2015,$69.91,2294483,$69.99,$70.06,$69.56
02/12/2015,$70.00,2193812,$68.87,$70.02,$68.87
02/11/2015,$68.57,1592275,$68.18,$68.78,$68.18
02/10/2015,$68.22,2444831,$67.62,$68.38,$67.22
02/09/2015,$67.78,7314820,$70.11,$70.26,$67.01
02/06/2015,$64.66,1576910,$64.01,$65.09,$63.87
02/05/2015,$64.00,2375790,$63.85,$64.10,$63.16
02/04/2015,$63.94,3794239,$64.15,$65.69,$62.91
02/03/2015,$64.01,2474649,$63.14,$64.07,$63.14
02/02/2015,$62.81,2802091,$62.74,$62.81,$61.89
01/30/2015,$62.41,2298581,$63.53,$63.68,$62.32
01/29/2015,$63.83,1459563,$63.75,$63.99,$62.94
01/28/2015,$63.84,1003534,$65.46,$65.58,$63.83
01/27/2015,$64.94,974596,$65.01,$65.38,$64.49
01/26/2015,$65.71,816038,$65.32,$65.94,$65.13
01/23/2015,$65.48,771781,$65.40,$66.09,$65.40
01/22/2015,$65.36,970439,$64.56,$65.56,$64.19
01/21/2015,$64.31,1171577,$63.76,$64.415,$63.58
01/20/2015,$64.02,1640106,$64.42,$64.64,$63.66
01/16/2015,$64.05,1668142,$63.16,$64.08,$63.08
01/15/2015,$63.41,1471584,$63.98,$64.34,$63.35
01/14/2015,$63.76,1554514,$63.71,$64.07,$63.17
01/13/2015,$64.11,3209571,$65.01,$65.68,$63.80
01/12/2015,$64.35,5705671,$65.11,$65.25,$62.82
01/09/2015,$65.11,908542,$65.67,$65.87,$65.10
01/08/2015,$65.43,1237316,$64.91,$65.63,$64.88
01/07/2015,$64.43,1567628,$65.00,$65.00,$63.93
01/06/2015,$64.51,1739863,$65.00,$65.22,$64.11
01/05/2015,$65.06,1638285,$66.24,$66.475,$64.96
01/02/2015,$66.51,1083171,$67.54,$67.73,$66.365
12/31/2014,$67.08,972767,$67.54,$67.745,$67.03
12/30/2014,$67.53,980780,$67.61,$67.98,$67.51
12/29/2014,$67.87,949922,$67.24,$67.87,$67.14
12/26/2014,$67.49,733740,$67.43,$67.75,$67.33
12/24/2014,$67.34,705808,$66.94,$67.70,$66.94
12/23/2014,$66.93,1210583,$66.64,$67.11,$66.54
12/22/2014,$66.53,1354609,$65.47,$66.53,$65.47
12/19/2014,$65.50,3261936,$65.43,$65.8346,$64.98
12/18/2014,$65.11,1843188,$64.74,$65.12,$64.40
12/17/2014,$63.99,1915045,$62.44,$64.12,$62.42
12/16/2014,$61.73,1844035,$61.82,$63.03,$61.63
12/15/2014,$61.91,1515339,$62.70,$62.98,$61.64
12/12/2014,$62.31,2087149,$62.95,$63.28,$62.31
12/11/2014,$63.29,1506623,$63.29,$64.34,$63.20
12/10/2014,$63.52,1193428,$65.32,$65.32,$63.475
12/09/2014,$65.29,767525,$64.84,$65.31,$64.41
12/08/2014,$65.27,1168581,$65.11,$65.7875,$65.04
12/05/2014,$65.00,1495339,$65.29,$65.34,$64.73
12/04/2014,$65.20,1411761,$65.40,$65.67,$65.09
12/03/2014,$65.32,1865248,$65.51,$65.76,$65.24
12/02/2014,$65.51,1129172,$65.44,$65.69,$65.27
12/01/2014,$65.44,1250323,$65.59,$65.76,$65.42
11/28/2014,$65.72,728901,$65.20,$66.08,$65.20
11/26/2014,$65.56,842584,$65.59,$65.88,$65.53
11/25/2014,$65.60,1042974,$65.80,$65.87,$65.56
11/24/2014,$65.81,1600984,$65.38,$65.97,$65.24
11/21/2014,$65.27,2656601,$66.26,$66.47,$65.22
11/20/2014,$65.66,1958759,$65.86,$66.11,$65.58
11/19/2014,$65.94,1175190,$65.99,$66.14,$65.61
11/18/2014,$66.00,1394345,$65.40,$66.23,$65.27
11/17/2014,$65.40,1921292,$65.00,$65.40,$64.90
11/14/2014,$65.25,1314940,$64.38,$65.27,$64.11
11/13/2014,$64.43,1655781,$63.86,$64.51,$63.86
11/12/2014,$63.70,1569423,$63.42,$63.935,$63.35
11/11/2014,$63.55,1929213,$63.97,$64.00,$63.43
11/10/2014,$63.94,2450028,$64.13,$64.40,$63.71
11/07/2014,$64.14,3142722,$63.44,$64.16,$62.61
11/06/2014,$63.42,2683646,$64.46,$64.46,$63.30
11/05/2014,$64.46,4288378,$66.50,$66.70,$63.57
11/04/2014,$66.76,4055880,$64.69,$66.99,$64.61
11/03/2014,$64.68,2553196,$64.51,$64.97,$64.10
10/31/2014,$64.50,3633729,$64.41,$65.145,$64.41
10/30/2014,$64.08,2456677,$63.92,$64.32,$62.375
10/29/2014,$63.94,2370430,$64.00,$64.51,$63.74
10/28/2014,$64.06,2645643,$62.84,$64.06,$62.4801
10/27/2014,$62.80,1787994,$62.56,$62.97,$62.13
10/24/2014,$62.57,1600436,$62.25,$62.66,$62.12
10/23/2014,$62.25,2149804,$62.31,$62.50,$62.12
10/22/2014,$61.63,1451334,$62.37,$62.61,$61.56
10/21/2014,$62.39,1351216,$61.75,$62.46,$61.42
10/20/2014,$61.25,1428763,$60.56,$61.26,$60.33
10/17/2014,$60.79,2226787,$59.60,$60.93,$59.60
10/16/2014,$59.18,1579493,$58.35,$59.50,$58.35
10/15/2014,$59.32,2551656,$58.26,$59.46,$57.79
10/14/2014,$58.73,1719227,$58.88,$59.43,$58.51
10/13/2014,$58.50,2071956,$59.07,$59.23,$58.33
10/10/2014,$59.05,2057446,$60.34,$60.56,$59.03
10/09/2014,$60.46,1427153,$61.35,$61.70,$60.38
10/08/2014,$61.58,1810157,$60.41,$61.64,$60.13
10/07/2014,$60.47,1467270,$61.23,$61.54,$60.47
10/06/2014,$61.50,1399528,$61.30,$61.71,$61.14
10/03/2014,$61.30,1798425,$61.08,$61.48,$60.64
10/02/2014,$61.03,2723248,$62.06,$62.20,$60.86
10/01/2014,$62.34,3382146,$63.38,$63.38,$62.27
09/30/2014,$63.28,1635499,$63.18,$63.42,$63.00
09/29/2014,$63.18,2216592,$62.96,$63.32,$62.52
09/26/2014,$63.42,3410403,$62.27,$63.45,$62.26
09/25/2014,$62.24,2384204,$61.73,$62.415,$61.46
09/24/2014,$61.80,1765344,$61.46,$61.87,$61.22
09/23/2014,$61.57,1491943,$61.53,$61.77,$61.37
09/22/2014,$61.68,1479163,$61.69,$61.93,$61.15
09/19/2014,$61.88,2332470,$62.24,$62.43,$61.55
09/18/2014,$62.04,1952441,$61.96,$62.15,$61.63
09/17/2014,$61.91,2275224,$61.72,$62.10,$61.65
09/16/2014,$61.69,1476435,$61.27,$61.86,$61.27
09/15/2014,$61.42,1838230,$61.60,$61.60,$61.19
09/12/2014,$61.54,2069620,$61.11,$61.73,$60.88
09/11/2014,$61.22,1117311,$60.74,$61.24,$60.68
09/10/2014,$61.22,1766893,$61.10,$61.41,$61.01
09/09/2014,$61.08,2577810,$60.88,$61.19,$60.45
09/08/2014,$61.02,11480860,$58.88,$61.13,$58.73
